line_code	Intcp_mean	Slope_mean	Intcp_para	Slope_para
33-16	72.4444	1.1425	72.4444	-22.251
38-11	74.196	1.0154	74.2743	-19.501
4226	64.3333	0.7883	64.3333	-15.6113
4722	73.6667	1.1355	73.6667	-22.6879
A188	59.986	1.0683	59.7723	-21.7499
A214N	78.2222	1.4337	78.2222	-29.7401
A239	64.9413	1.0194	64.9997	-19.9365
A272	67.1111	1.0385	67.1111	-20.7847
A441-5	73.7778	1.0296	73.7778	-21.0242
A554	58.2116	0.9277	58.0584	-18.1675
A556	62	1.0615	62	-20.3785
A6	81.3124	1.0133	80.9887	-19.0586
A619	64.27	0.9516	64.3677	-17.8452
A632	63.4444	0.781	63.4444	-15.3038
A634	63.4444	0.9948	63.4444	-19.7167
A635	67.5556	0.9431	67.5556	-17.9892
A641	59.8889	0.9232	59.8889	-17.7165
A654	56.7892	0.8711	57.1992	-16.9714
A659	60.6026	0.7305	60.4668	-14.6424
A661	57.5482	0.9814	57.3792	-19.3729
A679	64.2811	0.6494	64.2897	-11.7702
A680	68.5556	1.0157	68.5556	-19.9498
A682	60.8889	0.912	60.8889	-17.4202
Ab28A	79.1049	0.9005	79.3542	-18.5538
B10	71.6866	0.7787	72.0546	-15.2985
B103	63.7778	0.8939	63.7778	-17.7424
B104	67.1111	1.0222	67.1111	-19.756
B105	72.3333	0.869	72.3333	-15.6783
B109	67.1111	0.9448	67.1111	-18.1615
B115	70.8579	1.0827	70.5754	-20.12
B14A	64.403	1.2503	64.0204	-26.545
B164	64.0876	1.001	64.1552	-19.3952
B2	65.8889	1.2826	65.8889	-24.2492
B37	69	0.7538	69	-15.0693
B46	67.0486	1.1062	66.7095	-23.4907
B52	72.1111	1.1431	72.1111	-21.4278
B57	66.5556	1.0587	66.5556	-20.7372
B64	55.4403	0.7827	55.3134	-15.2756
B68	70.9363	0.8997	70.8103	-17.6485
B73	69.2046	0.8019	69.2046	-15.1014
B73Htrhm	67.8889	1.0074	67.8889	-18.9506
B75	64.7778	0.9823	64.7778	-19.113
B76	67.1803	0.7697	67.0981	-14.8493
B77	68.3333	1.2015	68.3333	-22.3997
B79	68.4444	0.9477	68.4444	-19.6382
B84	70.8889	0.7957	70.8889	-14.7926
B97	68.2278	0.8029	68.2278	-15.8756
C103	70.261	0.9265	70.1627	-17.8674
C123	64.5556	0.9366	64.5556	-17.3903
C49A	56.1491	0.8403	56.0164	-16.3205
CH701-30	61.5556	1.1141	61.5556	-21.0743
CH9	63.5556	1.0302	63.5556	-19.6995
CI.7	72.4444	1.1103	72.4444	-21.5872
CI187-2	76.2222	1.0137	76.2222	-19.2639
CI21E	71.6667	0.9026	71.6667	-16.9532
CI28A	71.5556	1.1392	71.5556	-21.6593
CI31A	76.3333	0.7625	76.3333	-14.0928
CI3A	70.6667	1.0414	70.6667	-20.473
CI64	72.8889	0.9428	72.8889	-18.6534
CI66	76.3597	0.7917	76.1286	-13.8677
CI90C	73.7778	1.0728	73.7778	-21.2414
CI91B	70.9453	0.8007	71.0315	-14.9434
CM105	56.804	0.7939	56.5827	-14.5377
CM174	57.3333	0.8517	57.3333	-16.8691
CM37	52.8998	0.7129	52.9652	-12.6285
CM7	57.6607	0.9988	57.506	-19.3326
CML10	85.2137	1.5509	84.0202	-27.75
CML103	74.2753	1.192	74.2753	-23.6183
CML108	77.3333	1.1731	77.3333	-24.4618
CML11	81.4417	1.2367	81.4748	-24.2122
CML14	89.0086	2.0738	87.013	-36.4705
CML154Q	74.7778	1.1152	74.7778	-21.3403
CML157Q	76.3333	1.3659	76.3333	-26.5295
CML158Q	79.1111	1.202	79.1111	-23.4976
CML218	77.5556	1.4698	77.5556	-29.1368
CML220	68.6639	1.1881	68.3042	-22.7299
CML228	81.4368	1.6943	81.4368	-34.2303
CML238	79.8451	1.3281	79.4647	-25.8249
CML247	84.3165	1.2389	84.3165	-24.334
CML254	97.8109	2.5445	95.1303	-43.4805
CML258	88.5297	1.5225	88.9462	-29.5537
CML261	84.0068	1.7691	84.0764	-35.7656
CML264	90.0711	1.8991	90.596	-36.9105
CML277	82.7832	1.4409	82.7832	-28.3219
CML311	82.9723	1.2028	82.5208	-21.465
CML314	77.4444	1.7138	77.4444	-33.6036
CML321	83.5006	1.7376	82.9373	-32.5243
CML322	74.4542	1.2146	74.4542	-23.5805
CML323	74.6667	1.1633	74.6667	-22.3006
CML328	75.1599	1.8478	75.2346	-37.4566
CML332	76.8682	1.578	77.6137	-30.9872
CML333	75.6163	1.3352	75.6163	-26.3369
CML341	81.5112	1.7837	80.9166	-33.949
CML38	81.2197	1.3154	81.268	-26.4127
CML45	92.2143	1.8839	90.5995	-34.2126
CML5	87.2193	1.8605	86.6229	-33.6296
CML52	84.8189	1.0067	84.8803	-21.4624
CML69	80.1033	1.2288	80.1033	-24.0056
CML77	74.8677	1.249	74.4729	-23.5723
CML91	75.5556	1.1754	75.5556	-24.6414
CML92	75.4747	1.1377	76.0081	-21.9835
CMV3	54.4503	0.7344	54.2274	-12.7949
CO106	55.2075	0.9334	55.0799	-17.6893
CO125	56.9725	0.9124	56.8293	-17.703
CO255	53.7982	0.8066	53.6601	-15.9053
D940Y	78.7239	0.9462	78.3387	-21.0191
DE_2	70.9618	0.7426	70.6634	-12.7884
DE_3	68.9889	1.0909	68.4952	-20.9355
DE1	72.4682	0.9217	71.9893	-16.6894
DE811	75	0.617	75	-11.9051
E2558W	72.1111	1.2354	72.1111	-23.8415
EP1	56.2917	0.8156	56.1825	-15.407
F2834T	68.7778	1.0819	68.7778	-21.1091
F44	79	1.1554	79	-22.8718
F6	82.6805	0.8554	82.7029	-16.722
F7	54.273	0.7388	54.2482	-13.8848
GA209	78.9191	0.9811	78.3866	-20.3487
GT112	83.1111	1.043	83.1111	-20.047
H105W	65.6667	0.9352	65.6667	-17.2335
H49	67.1111	0.9774	67.1111	-18.823
H84	69.4444	0.7692	69.4444	-14.5149
H91	67.6667	0.9	67.6667	-17.5792
H95	70.1111	1.0038	70.1111	-19.2291
H99	65.1798	0.8065	65.5564	-15.4562
Hi27	80.6667	1.4513	80.6667	-28.9073
Hp301	67.7065	0.9552	67.7065	-18.332
Hy	70.1895	0.8314	69.9327	-17.6737
I137TN	74.9466	0.9607	74.7378	-19.5684
I205	68.4144	0.8272	68.4846	-15.7738
I29	60.2222	0.9298	60.2222	-17.7722
IA2132	62.6667	0.8844	62.6667	-16.5813
Ia5125	65.7045	0.6902	65.5528	-14.0745
IDS28	66.726	0.9895	66.7847	-19.3169
IDS69	70.1111	0.8232	70.1111	-15.335
IDS91	65.1111	0.99	65.1111	-19.0464
Il101	62.0881	0.9118	61.6783	-16.4156
Il14H	63.7151	0.7606	63.7151	-14.9116
K148	69.4444	1.0196	69.4444	-19.6414
K4	75.1657	1.164	75.1943	-22.6523
K55	68.8889	0.974	68.8889	-18.333
K64	76.6667	0.8069	76.6667	-15.9818
Ki11	79.2021	1.4303	79.2021	-28.4233
Ki2021	83.7107	2.0619	84.2638	-39.9244
Ki21	76.4444	1.15	76.4444	-22.2198
Ki3	77.8077	1.3454	77.8077	-26.3277
Ki43	78.2069	1.3178	77.7662	-24.4078
Ki44	79.7778	1.2788	79.7778	-25.3125
Ky21	75.1859	0.8896	75.1859	-17.5974
KY226	72.2075	1.1178	72.9153	-21.2288
KY228	75	0.6843	75	-13.0334
L317	70.1111	0.8372	70.1111	-15.6597
L578	79.4444	1.1028	79.4444	-21.4784
M14	64	0.9605	64	-18.5037
M162W	78.4445	0.9777	78.4445	-19.1338
M37W	72.8367	0.8475	72.8367	-16.787
MEF156-55-2	58.2112	0.8946	58.3148	-16.5677
Mo17	66.295	0.9908	66.295	-19.1447
Mo18W	78.2795	1.1735	78.2795	-23.2976
MO1W	68.5556	1.0467	68.5556	-19.8926
Mo24W	71.5556	0.8498	71.5556	-16.9186
Mo44	66.4444	1.1076	66.4444	-21.5372
Mo45	69.3546	1.0098	69.224	-19.7028
Mo46	69.5556	0.7222	69.5556	-14.8773
Mo47	64.4444	0.9614	64.4444	-18.6593
MoG	72	1.0101	72	-19.5379
Mp339	75.8866	1.0665	75.9373	-21.0411
MS1334	58.3246	0.9089	58.3348	-17.071
MS153	64.8662	0.9764	64.9804	-18.0641
MS71	64.5631	0.8477	64.5631	-16.728
Mt42	54.9035	1.009	54.7877	-18.6268
N192	61.7778	0.7676	61.7778	-15.0173
N28Ht	68.952	0.9026	69.0351	-17.0942
N6	65.2222	0.99	65.2222	-19.0091
N7A	67.2222	0.9891	67.2222	-19.3262
NC222	76.6675	1.0429	76.5463	-20.2156
NC230	73.8889	0.7644	73.8889	-14.1541
NC232	73.8889	0.7934	73.8889	-15.0365
NC236	75.8889	1.1627	75.8889	-22.0396
NC238	83.0754	0.9113	83.0922	-17.4495
NC250	68.7714	0.7877	68.5412	-16.6183
NC258	74	1.0961	74	-20.2158
NC260	67.6667	1.153	67.6667	-22.4007
NC262	63.0511	0.8221	63.439	-16.104
NC264	70	1.0769	70	-21.3502
NC290A	70.1432	1.1224	69.9055	-22.8007
NC294	70.6667	0.8189	70.6667	-15.4014
NC296	74.3819	1.3935	74.5092	-26.4113
NC296A	73.4444	1.1544	73.4444	-22.8131
NC298	75.4657	1.1645	75.8308	-23.5816
NC300	77.3835	1.1647	76.9912	-21.517
NC302	71	1.128	71	-22.2751
NC304	72.7778	1.404	72.7778	-27.1298
NC306	71.5556	1.099	71.5556	-20.5161
NC310	69	0.8687	69	-16.3639
NC314	68.9886	0.8052	68.8431	-16.1131
NC318	74.2222	0.8326	74.2222	-15.9378
NC320	74.8889	0.9128	74.8889	-18.1407
NC324	70.8104	0.7952	70.6898	-15.8311
NC326	70.8889	0.8443	70.8889	-16.5591
NC328	71.155	0.65	71.1004	-12.3952
NC33	78.2222	1.042	78.2222	-19.5411
NC336	76.3333	1.1829	76.3333	-23.6753
NC338	74.7334	1.3407	74.3439	-28.2622
NC340	73.5065	1.2596	73.0873	-23.3693
NC342	69.6667	0.9733	69.6667	-18.7902
NC344	72.7778	0.8238	72.7778	-15.6547
NC346	73.8889	1.2951	73.8889	-25.8455
NC348	72.8889	1.1494	72.8889	-22.0758
NC350	74.6459	1.1727	74.6459	-22.1742
NC352	77.6667	1.1263	77.6667	-22.5995
NC354	76.2222	1.1034	76.2222	-21.647
NC356	72.4444	1.0401	72.4444	-20.2653
NC358	70.7116	0.9879	70.7116	-19.0026
NC360	75.3333	1.0328	75.3333	-19.5689
NC362	70.4515	0.9581	70.2827	-19.1317
NC364	69.1111	1.0083	69.1111	-18.8537
NC366	78.1212	1.0396	78.1504	-20.4148
NC368	70.7178	1.1493	70.5439	-22.67
ND246	55.4368	0.7875	55.3055	-15.4513
Oh40B	69.3333	0.7318	69.3333	-14.2335
Oh43	64.823	0.7866	64.823	-14.8778
Oh43E	65.5556	0.7738	65.5556	-15.1512
Oh603	68.7017	1.3337	68.7879	-26.3711
Oh7B	77.3972	0.9183	77.3972	-18.2098
Os420	65.2222	0.9116	65.2222	-18.2387
P39	60.659	0.6975	60.659	-12.8823
Pa762	68.4444	0.9217	68.4444	-17.5207
Pa875	69.153	0.9986	68.9048	-18.237
Pa880	69.6667	0.8215	69.6667	-15.4177
Pa91	72.3333	0.6969	72.3333	-12.6638
R109B	67.6667	1.0405	67.6667	-20.0259
R168	63.5556	1.1228	63.5556	-21.5862
R177	68.0447	0.6858	68.2594	-13.1794
R229	70.8889	0.724	70.8889	-13.2636
R4	67.6667	1.015	67.6667	-19.672
SA24	70.1111	1.1319	70.1111	-22.2477
SC213R	82.3447	1.1554	82.7282	-23.195
SC357	77.2222	1.175	77.2222	-22.6523
SC55	79.2425	1.1329	78.8605	-20.5055
SD40	66.1111	1.1545	66.1111	-22.2184
SD44	59.5556	1.0545	59.5556	-20.7351
Sg1533	69.2222	1.0831	69.2222	-20.6377
Sg18	69.4444	1.1375	69.4444	-22.2381
T232	73.3429	1.1657	73.8952	-23.0184
T8	71.1883	0.8773	71.1989	-16.5135
Tx303	75.6967	1.0361	75.6967	-20.0262
Tx601	82.1187	1.5759	81.5198	-29.0932
Tzi10	83.8202	1.5691	83.2526	-29.3189
Tzi11	73.8719	1.0926	73.5535	-20.2873
Tzi16	75.7619	0.9838	76.2243	-19.1054
Tzi18	77.2222	1.3411	77.2222	-26.1446
Tzi25	74.7778	1.0575	74.7778	-20.3416
Tzi8	80.8408	1.2491	80.8408	-23.9828
Tzi9	76	1.0481	76	-21.0276
U267Y	78.7785	0.9874	78.8052	-18.9605
VA102	66.1111	0.8459	66.1111	-15.8446
Va14	71.915	1.0421	72.022	-19.5415
Va17	69.5556	0.8077	69.5556	-15.5056
Va22	69.344	1.0154	69.0942	-20.965
Va26	65.8889	1.0062	65.8889	-18.9985
Va35	70.1111	0.834	70.1111	-15.4154
Va59	66	0.8159	66	-15.4137
Va85	65.5947	1.2312	65.2242	-23.5987
Va99	69.8889	0.6814	69.8889	-12.3294
VaW6	66.2919	0.9546	66.4875	-18.495
W117Ht	58.9269	0.8015	58.7635	-16.3854
W153R	63.8889	1.0455	63.8889	-20.5569
W182B	56.8662	0.8619	56.796	-16.5542
W22	66.1111	1.057	66.1111	-20.3746
W22 R-rstd	64.8889	1.0577	64.8889	-21.0158
W64A	64.6667	0.9964	64.6667	-19.7776
WD	55.604	0.9034	55.4754	-17.2327
Wf9	65.1108	0.9144	64.8824	-18.697
Yu796_NS	66.5097	1.1269	66.2672	-22.9292
Ki14	84.0818	1.7949	82.8946	-32.5424
T234	75.2515	0.8216	75.1594	-15.7751
CML331	76.0083	0.8686	76.4128	-18.3919
