line_code	06PR06	05FL06	11FL07	02MO06	07NC07	10IL07	01NC06	04IL06	09NY07
33-16	56	63	64	72	72	78	74	84	89
38-11	58	NA	68	71	74	86	78	84	84
4226	50	62	58	65	65	64	67	75	73
4722	54	63	67	77	72	80	81	84	85
A188	45	46	NA	66	60	61	62	76	70
A214N	57	62	63	88	81	82	86	94	91
A239	50	NA	57	66	65	71	66	78	76
A272	52	55	59	70	68	71	74	78	77
A441-5	57	67	62	77	76	75	82	84	84
A554	45	50	NA	56	60	59	62	68	71
A556	48	50	56	59	65	65	66	76	73
A6	64	78	75	76	88	82	80	NA	97
A619	50	NA	60	58	67	72	67	74	75
A632	52	56	59	63	66	62	68	71	74
A634	51	50	56	65	65	69	66	74	75
A635	52	60	64	64	69	70	73	80	76
A641	48	50	55	58	61	62	62	68	75
A654	45	45	53	NA	58	62	61	68	64
A659	49	52	NA	65	59	59	68	76	61
A661	45	45	NA	56	60	61	62	68	69
A679	NA	59	64	60	65	62	68	74	72
A680	53	60	62	65	74	71	73	78	81
A682	50	54	53	61	62	54	65	75	74
Ab28A	NA	73	71	NA	80	86	79	92	88
B10	61	66	65	NA	73	73	74	80	83
B103	52	54	56	65	66	67	65	76	73
B104	52	55	64	66	68	73	68	79	79
B105	59	66	72	65	72	73	77	82	85
B109	53	58	62	64	68	72	73	76	78
B115	54	60	66	66	74	78	77	79	NA
B14A	NA	52	56	63	69	69	70	76	79
B164	49	NA	57	60	68	71	69	74	74
B2	50	52	58	63	65	72	68	84	81
B37	57	64	62	70	70	71	72	77	78
B46	NA	55	60	67	70	72	72	79	78
B52	55	60	68	67	72	77	82	88	80
B57	51	58	58	66	67	70	72	76	81
B64	45	47	NA	53	58	56	60	65	64
B68	NA	65	66	69	71	70	74	84	82
B73	56.7639751552795	63.7813765182186	65.9901477832512	65.6629213483146	69.68	70.1418181818182	72.0836363636364	78.5830258302583	80.1542056074766
B73Htrhm	53	58	64	62	69	73	75	78	79
B75	52	54	57	62	68	70	69	76	75
B76	NA	63	61	63	66	72	72	76	76
B77	56	47	66	64	70	74	73	84	81
B79	55	54	62	77	69	72	70	78	79
B84	57	63	71	65	70	81	74	79	78
B97	59.0909090909091	56	63	70.1818181818182	69.7272727272727	70.8181818181818	69.7272727272727	76.7272727272727	78.7777777777778
C103	NA	64	66	67	69	71	75	79	85
C123	54	56	59	60	67	62	66	79	78
C49A	45	48	NA	54	57	59	57	66	68
CH701-30	48	50	53	57	64	64	68	79	71
CH9	49	56	57	60	66	62	69	74	79
CI.7	58	60	64	70	75	78	78	84	85
CI187-2	59	73	70	71	76	82	77	87	91
CI21E	57	67	66	67	71	73	81	82	81
CI28A	56	59	68	69	73	72	75	84	88
CI31A	61	75	74	70	75	82	81	87	82
CI3A	51	63	67	68	74	77	74	84	78
CI64	55	66	70	72	75	77	76	82	83
CI66	NA	70	73	72	76	79	82	85	NA
CI90C	60	67	59	74	74	78	79	84	89
CI91B	59	NA	67	68	71	75	75	82	78
CM105	45	50	53	53	60	58	60	66	NA
CM174	45	47	53	59	59	59	60	67	67
CM37	45	NA	NA	48	52	54	56	65	61
CM7	45	45	NA	57	58	63	58	79	62
CML10	65	70	70	83	95	86	93	NA	NA
CML103	57.625	60.9090909090909	65.7272727272727	75.2727272727273	76.7272727272727	79.6	77.2727272727273	87.4545454545455	87.8888888888889
CML108	58	63	67	84	80	87	83	89	85
CML11	66	69	70	82	82	NA	86	95	98
CML14	60	68	71	92	93	NA	98	NA	NA
CML154Q	58	66	68	71	75	82	77	88	88
CML157Q	57	63	66	75	76	85	82	92	91
CML158Q	63	70	68	80	81	76	84	95	95
CML218	57	62	65	76	83	86	83	95	91
CML220	56	50	58	70	72	75	75	NA	81
CML228	56.7	66.0909090909091	65.6363636363636	84.5	86.9090909090909	85.6666666666667	87	96.4285714285714	104
CML238	59	68	68	82	82	87	86	NA	93
CML247	64.4545454545455	74.1818181818182	77.7272727272727	82	88.3636363636364	86	90.4545454545455	94	101.666666666667
CML254	63	72	77	98	101	NA	112	NA	NA
CML258	69	74	73	NA	94	NA	98	NA	106
CML261	57	67	70	86	90	NA	93	96	108
CML264	64	69	75	NA	98	NA	105	NA	108
CML277	61.8	69.7	71.8181818181818	81.7	85.1818181818182	87.5	90.1818181818182	95.6666666666667	101.5
CML281	61	68	70	NA	105	NA	NA	NA	NA
CML287	56	NA	71	NA	91	NA	98	NA	NA
CML311	66	70	76	NA	87	NA	88	NA	NA
CML314	57	56	64	79	78	85	83	92	103
CML321	61	67	69	81	88	85	92	NA	107
CML322	55.7272727272727	66.4545454545455	65.5454545454545	73	74.5454545454545	78.7272727272727	77.4545454545455	88.3	90.3333333333333
CML323	58	66	66	72	74	80	78	88	90
CML328	48	56	59	79	81	NA	85	91	97
CML331	60	66	71	NA	90	NA	NA	NA	79
CML332	57	59	64	NA	79	87	83	95	94
CML333	58.0909090909091	60.5454545454545	65.7272727272727	77.6363636363636	76.9090909090909	80.7	77.1818181818182	90.2	93.5555555555556
CML341	57	62	68	83	85	NA	89	NA	103
CML38	61	67	72	81	88	NA	89	96	92
CML45	67	71	74	98	98	NA	98	NA	NA
CML5	63	69	70	NA	94	NA	97	NA	NA
CML52	65.3636363636364	74.9090909090909	77.8181818181818	90	91.5454545454545	NA	91.1818181818182	91.8571428571429	93
CML61	63	66	70	NA	116	NA	NA	NA	NA
CML69	61.1	69.9	72.0909090909091	80.1111111111111	79.6363636363636	85.5555555555556	83.8181818181818	93.2727272727273	95.4444444444444
CML77	58	60	64	71	79	85	85	NA	84
CML91	58	59	65	85	78	81	82	86	86
CML92	63	61	67	NA	76	79	82	88	90
CMV3	45	NA	NA	51	53	60	55	65	NA
CO106	45	42	NA	50	56	61	63	65	65
CO125	45	48	NA	55	58	57	61	67	70
CO255	45	42	NA	54	56	54	56	64	64
D940Y	NA	71	69	85	77	80	82	88	92
DE_2	60	63	72	66	70	74	73	NA	82
DE_3	NA	60	61	66	69	76	75	NA	81
DE1	59	66	NA	68	71	76	78	NA	85
DE811	64	76	69	71	79	71	79	84	82
E2558W	52	63	65	69	73	78	77	88	84
EP1	48	45	NA	53	58	58	59	71	63
F2834T	55	58	58	65	72	76	75	79	81
F44	61	68	71	79	80	87	83	90	92
F6	66	81	78	81	83	NA	84	92	94
F7	45	NA	NA	54	52	55	55	65	65
GA209	NA	70	70	80	81	82	85	NA	89
GT112	67	76	78	81	84	85	83	95	99
H105W	54	54	64	61	66	67	70	77	78
H49	54	56	60	64	68	73	76	76	77
H84	57	67	64	65	69	73	72	77	81
H91	54	60	62	65	71	70	72	76	79
H95	54	62	66	66	71	75	75	78	84
H99	51	63	60	NA	63	65	70	78	73
Hi27	57	74	66	78	86	84	88	94	99
Hp301	57.3636363636364	56.0909090909091	60.5	66.7777777777778	69.2727272727273	68.8181818181818	69.8181818181818	80.2727272727273	80.4444444444444
Hy	NA	62	64	72	70	74	73	80	79
I137TN	NA	66	69	74	75	80	78	88	84
I205	56	NA	64	66	70	73	70	79	77
I29	48	50	55	58	62	62	64	73	70
IA2132	50	56	58	57	65	64	67	74	73
Ia5125	NA	60	61	64	67	68	69	74	73
IDS28	51	NA	61	65	69	73	70	76	78
IDS69	58	66	64	65	70	71	77	80	80
IDS91	52	54	59	62	67	70	70	75	77
Il101	51	52	NA	57	62	71	62	74	NA
Il14H	54.3333333333333	54	59	66	64.3636363636364	63.2727272727273	65.1818181818182	73.9090909090909	73.375
Il677a	NA	66	NA	NA	68	NA	73	NA	NA
K148	55	60	62	66	71	75	75	81	80
K4	57	67	67	71	78	NA	83	84	91
K55	55	59	65	64	71	71	75	82	78
K64	61	68	77	81	74	78	81	85	85
Ki11	59.9090909090909	65.1818181818182	64.9090909090909	81	80.6363636363636	84.1111111111111	87.5	93	96.5714285714286
Ki14	61	67	69	81	86	NA	NA	NA	108
Ki2021	55	67	65	NA	90	NA	92	NA	110
Ki21	58	70	68	72	78	82	81	88	91
Ki3	59.1111111111111	64.5454545454545	65.8181818181818	78.3333333333333	77.1818181818182	84.0909090909091	86.6	93.7	90.8888888888889
Ki43	60	61	73	78	77	87	82	NA	94
Ki44	62	70	66	79	81	87	85	90	98
Ky21	60.5454545454545	70.4	67.5	77.1	74	77.8181818181818	76.9090909090909	86.4	86
KY226	57	NA	65	NA	74	71	79	88	84
KY228	60	73	75	72	74	78	79	81	83
L317	59	64	64	65	70	75	73	79	82
L578	63	71	71	74	84	87	82	90	93
M14	51	55	57	61	66	69	66	76	75
M162W	64.1	68.6	72.1818181818182	78	78.9090909090909	84.7142857142857	80.6363636363636	88.6363636363636	90.2222222222222
M37W	58.9090909090909	66.9090909090909	66.7272727272727	74.2	73.2727272727273	73.5454545454545	76.7	82.6	82.6666666666667
MEF156-55-2	45	NA	53	55	56	66	63	71	65
Mo17	52.4210526315789	56.5714285714286	59.6666666666667	64.6086956521739	67.3333333333333	69.7083333333333	71.0833333333333	77.8333333333333	77.4285714285714
Mo18W	60.4545454545455	68.3636363636364	68.6666666666667	79	78.8181818181818	85.7272727272727	80.7272727272727	89.0909090909091	93.6666666666667
MO1W	54	59	62	65	69	73	73	82	80
Mo24W	57	63	69	75	72	71	74	82	81
Mo44	49	58	58	64	67	73	73	79	77
Mo45	NA	63	64	65	71	71	70	84	82
Mo46	59	59	65	75	70	73	71	76	78
Mo47	49	59	57	60	67	70	68	74	76
MoG	55	66	66	68	74	76	77	82	84
Mp339	58	NA	70	76	79	78	83	88	85
MS1334	45	52	53	53	59	NA	64	68	70
MS153	49	NA	64	60	65	70	68	74	78
MS71	54.5454545454545	52.8181818181818	58.25	65	67	67.8181818181818	67.4545454545455	73.1818181818182	75
Mt42	45	42	NA	51	54	57	57	76	63
N192	51	52	59	61	65	61	67	68	72
N28Ht	55	NA	65	66	69	74	74	76	81
N6	51	54	61	62	67	71	69	76	76
N7A	53	56	61	65	69	75	72	76	78
NC222	NA	70	70	70	77	85	79	88	90
NC230	62	67	73	70	73	76	78	82	84
NC232	62	67	71	70	75	78	75	82	85
NC236	57	68	70	70	76	82	83	88	89
NC238	68	75	80	83	80	NA	90	92	94
NC250	NA	63	62	69	69	72	71	76	80
NC258	61	63	67	69	74	73	83	92	84
NC260	52	54	61	65	70	77	69	80	81
NC262	53	52	59	NA	66	64	67	71	74
NC264	55	58	61	70	72	75	78	79	82
NC290A	NA	59	64	68	72	76	73	87	79
NC294	60	63	66	67	71	74	73	80	82
NC296	54	NA	68	71	76	77	80	88	94
NC296A	55	64	65	73	76	78	78	88	84
NC298	NA	66	67	NA	76	82	79	92	86
NC300	61	67	68	75	76	86	83	NA	91
NC302	54	58	65	72	73	73	79	82	83
NC304	55	58	62	71	74	79	76	90	90
NC306	55	62	68	66	71	76	77	84	85
NC310	56	63	65	64	70	71	73	76	83
NC314	NA	60	67	66	71	73	71	77	79
NC318	62	69	67	71	74	78	80	82	85
NC320	59	68	69	76	74	82	77	84	85
NC324	NA	NA	67	67	73	73	77	77	81
NC326	60	60	65	73	71	70	79	80	80
NC328	NA	69	66	66	72	74	73	79	80
NC33	62	72	74	73	78	82	79	90	94
NC336	59	66	65	78	79	82	78	92	88
NC338	NA	62	66	76	76	78	80	88	92
NC340	57	58	65	71	75	80	83	NA	86
NC342	54	62	64	67	70	75	75	80	80
NC344	60	68	68	71	72	71	79	81	85
NC346	55	60	64	74	77	84	76	86	89
NC348	55	63	67	70	74	77	78	88	84
NC350	59.875	63.0909090909091	67.0909090909091	70	76.4545454545455	76.4545454545455	80.5454545454545	88.8571428571429	89.4444444444444
NC352	62	66	67	80	80	82	82	90	90
NC354	60	67	66	75	76	84	83	86	89
NC356	60	59	64	71	75	77	79	84	83
NC358	57.7	59.3636363636364	64.6363636363636	70	70.0909090909091	75.5454545454545	74.5454545454545	82.3	82.2222222222222
NC360	60	68	68	71	76	79	81	91	84
NC362	NA	63	64	67	72	74	75	84	79
NC364	56	59	64	66	69	69	75	84	80
NC366	61	73	69	77	78	NA	85	87	92
NC368	NA	59	68	67	73	72	75	84	85
ND246	45	47	NA	51	61	57	58	65	64
Oh40B	59	60	66	72	67	72	72	79	77
Oh43	57.1818181818182	54.1111111111111	58.25	61.3636363636364	66.1818181818182	68.5454545454545	70.3636363636364	72.9090909090909	74.5
Oh43E	54	56	63	65	68	68	68	74	74
Oh603	NA	55	62	NA	72	74	74	NA	84
Oh7B	60.125	72	72.6666666666667	80.8333333333333	75.7272727272727	77.1818181818182	82.1818181818182	89.6363636363636	86.2222222222222
Os420	52	56	57	67	68	64	74	76	73
P39	52.5555555555556	54.875	54.75	56	60.6363636363636	62	66.9090909090909	68.4545454545455	69.75
Pa762	57	58	62	63	71	76	72	79	78
Pa875	55	NA	62	67	69	75	74	NA	81
Pa880	58	63	65	66	69	73	74	79	80
Pa91	62	70	68	67	69	77	75	78	85
R109B	53	56	61	63	69	78	74	77	78
R168	48	50	57	60	65	71	72	76	73
R177	58	63	64	63	NA	73	70	76	76
R229	59	70	65	64	70	73	79	79	79
R4	51	60	62	64	70	73	72	79	78
SA24	53	56	65	68	74	78	75	82	80
SC213R	NA	75	74	NA	82	86	85	96	98
SC357	57	70	70	74	76	87	81	92	88
SC55	63	70	72	76	79	NA	85	93	NA
SD40	49	52	61	62	67	76	75	76	77
SD44	45	47	53	59	62	63	66	68	73
Sg1533	54	59	63	67	69	73	73	84	81
Sg18	51	59	64	69	70	73	76	80	83
T232	56	64	64	NA	74	80	79	84	88
T234	61	72	70	75	74	75	NA	85	86
T8	59	63	67	68	71	NA	75	82	82
Tx303	61.2	66.5454545454545	68	75	76.0909090909091	78	79.5454545454545	89.8888888888889	87
Tx601	59	69	73	82	80	NA	85	NA	106
Tzi10	62	70	72	83	85	NA	88	NA	106
Tzi11	57	64	68	71	76	NA	81	84	NA
Tzi16	60	69	71	NA	76	77	79	88	88
Tzi18	59	63	67	78	76	82	86	90	94
Tzi25	60	66	68	70	78	79	77	84	91
Tzi8	65.1111111111111	68.8181818181818	71.2727272727273	78.7	80.8181818181818	86	83.5	94.2222222222222	99.125
Tzi9	60	66	68	77	80	79	79	88	87
U267Y	63	70	NA	NA	79	82	88	NA	88
VA102	53	58	64	61	68	67	74	76	74
Va14	58	NA	66	71	71	71	77	84	87
Va17	57	63	65	66	71	73	75	77	79
Va22	NA	59	63	67	71	76	75	79	80
Va26	51	58	59	59	67	73	74	76	76
Va35	57	68	65	65	69	70	74	80	83
Va59	55	57	63	63	68	64	73	75	76
Va85	48	52	57	66	69	72	68	NA	80
Va99	61	65	67	65	69	71	72	79	80
VaW6	52	56	61	NA	71	68	72	NA	76
W117Ht	48	48	NA	61	63	56	65	68	67
W153R	52	50	56	65	68	61	70	76	77
W182B	45	NA	NA	53	60	57	62	67	67
W22	53	54	58	63	68	71	73	76	79
W22 R-rstd	51	52	57	65	68	71	67	74	79
W64A	52	54	55	65	68	67	69	76	76
WD	45	45	NA	49	59	61	59	65	67
Wf9	NA	NA	60	62	67	70	69	74	76
Yu796_NS	NA	56	60	61	71	72	73	77	79
