env_code	date	TMAX	TMIN	DL	GDD	PTT	PTR	PTS
01NC06	2006-05-03	75.02	42.98	14.63	12.51	183.0213	0.8551	809213.5886
01NC06	2006-05-04	75.92	50	14.67	12.96	190.1232	0.8834	702408.7935
01NC06	2006-05-05	80.96	55.94	14.7	18.45	271.215	1.2551	740159.6794
01NC06	2006-05-06	80.96	62.06	14.72	21.51	316.6272	1.4613	585698.6161
01NC06	2006-05-07	82.04	51.98	14.75	17.01	250.8975	1.1532	876481.2511
01NC06	2006-05-08	57.02	46.94	14.78	3.51	51.8778	0.2375	228915.7483
01NC06	2006-05-09	66.02	50	14.82	8.01	118.7082	0.5405	408217.6518
01NC06	2006-05-10	66.02	46.04	14.85	8.01	118.9485	0.5394	493740.792
01NC06	2006-05-11	71.06	48.02	14.88	10.53	156.6864	0.7077	607473.2564
01NC06	2006-05-12	80.96	44.96	14.92	15.48	230.9616	1.0375	1009101.524
01NC06	2006-05-13	71.96	46.04	14.95	10.98	164.151	0.7344	683595.8064
01NC06	2006-05-14	75.02	46.04	14.98	12.51	187.3998	0.8351	787268.142
01NC06	2006-05-15	73.94	51.98	15	12.96	194.4	0.864	622170.72
01NC06	2006-05-16	71.96	48.02	15.02	10.98	164.9196	0.731	647996.8116
01NC06	2006-05-17	69.98	48.02	15.05	9.99	150.3495	0.6638	586931.3982
01NC06	2006-05-18	75.02	48.02	15.08	12.51	188.6508	0.8296	755462.2533
01NC06	2006-05-19	78.08	48.02	15.12	14.04	212.2848	0.9286	866577.9718
01NC06	2006-05-20	73.04	48.92	15.13	11.52	174.2976	0.7614	673399.1676
01NC06	2006-05-21	69.98	69.08	15.17	19.53	296.2701	1.2874	28801.5524
01NC06	2006-05-22	82.94	59	15.18	20.97	318.3246	1.3814	783019.3421
01NC06	2006-05-23	82.94	51.98	15.2	17.46	265.392	1.1487	965082.5441
01NC06	2006-05-24	73.94	46.04	15.23	11.97	182.3031	0.7859	776448.8795
01NC06	2006-05-25	80.06	50	15.27	15.03	229.5081	0.9843	911613.6093
01NC06	2006-05-26	87.08	62.96	15.28	24.48	374.0544	1.6021	844950.1112
01NC06	2006-05-27	77	75.92	15.3	26.46	404.838	1.7294	38660.8062
01NC06	2006-05-28	86	62.06	15.32	24.03	368.1396	1.5685	831915.894
01NC06	2006-05-29	86	62.06	15.35	24.03	368.8605	1.5655	835177.2404
01NC06	2006-05-30	86	60.08	15.37	23.04	354.1248	1.499	894485.8862
01NC06	2006-05-31	89.06	66.02	15.38	26.01	400.0338	1.6912	845183.3599
01NC06	2006-06-01	87.08	64.04	15.4	25.02	385.308	1.6247	825744.8264
01NC06	2006-06-02	87.08	66.02	15.42	26.01	401.0742	1.6868	766659.1177
01NC06	2006-06-03	87.08	69.08	15.43	27.54	424.9422	1.7848	669228.0837
01NC06	2006-06-04	78.08	55.94	15.45	17.01	262.8045	1.101	708278.7264
01NC06	2006-06-05	82.04	59	15.47	20.52	317.4444	1.3264	777688.0067
01NC06	2006-06-06	73.04	57.92	15.48	15.48	239.6304	1	474495.7974
01NC06	2006-06-07	77	55.04	15.5	16.02	248.31	1.0335	696628.5156
01NC06	2006-06-08	82.94	57.92	15.5	20.43	316.665	1.3181	846717.2073
01NC06	2006-06-09	80.96	59	15.52	19.98	310.0896	1.2874	740320.3772
01NC06	2006-06-10	84.02	60.98	15.52	22.5	349.2	1.4497	804699.8323
01NC06	2006-06-11	86	62.96	15.53	24.48	380.1744	1.5763	827742.1101
01NC06	2006-06-12	87.08	66.02	15.53	26.01	403.9353	1.6748	777636.1993
01NC06	2006-06-13	78.98	62.06	15.55	20.52	319.086	1.3196	577036.7122
01NC06	2006-06-14	69.08	64.04	15.57	16.56	257.8392	1.0636	162648.8775
01NC06	2006-06-15	71.96	57.92	15.55	14.94	232.317	0.9608	440930.5341
01NC06	2006-06-16	82.04	60.08	15.57	21.06	327.9042	1.3526	756597.2523
01NC06	2006-06-17	84.92	59	15.57	21.96	341.9172	1.4104	904343.3985
01NC06	2006-06-18	86	60.08	15.57	23.04	358.7328	1.4798	917916.0898
01NC06	2006-06-19	84.02	62.06	15.58	23.04	358.9632	1.4788	778678.1755
01NC06	2006-06-20	84.92	64.04	15.58	24.48	381.3984	1.5712	754979.3353
01NC06	2006-06-21	89.96	68	15.58	27	420.66	1.733	842004.4127
01NC06	2006-06-22	86	64.94	15.57	25.47	396.5679	1.6358	770619.3994
01NC06	2006-06-23	89.96	66.92	15.57	26.46	411.9822	1.6994	876248.4859
01NC06	2006-06-24	87.98	68	15.58	27	420.66	1.733	756483.233
01NC06	2006-06-25	87.98	69.98	15.58	27.99	436.0842	1.7965	690167.5514
01NC06	2006-06-26	82.04	71.06	15.57	26.55	413.3835	1.7052	407525.469
01NC06	2006-06-27	84.02	71.06	15.57	27.54	428.7978	1.7688	487234.4853
01NC06	2006-06-28	78.98	68	15.57	23.49	365.7393	1.5087	391235.0976
01NC06	2006-06-29	89.06	69.08	15.55	27.54	428.247	1.7711	764008.1741
01NC06	2006-06-30	80.96	64.94	15.55	22.95	356.8725	1.4759	565169.3357
01NC06	2006-07-01	87.08	62.96	15.53	24.48	380.1744	1.5763	872825.1875
01NC06	2006-07-02	87.08	64.94	15.53	25.47	395.5491	1.6401	811748.0541
01NC06	2006-07-03	91.94	71.96	15.5	28.98	449.19	1.8697	786751.9605
01NC06	2006-07-04	93.92	71.96	15.5	28.98	449.19	1.8697	875164.6332
01NC06	2006-07-05	89.06	69.98	15.48	27.99	433.2852	1.8081	727154.423
01NC06	2006-07-06	89.06	71.06	15.48	28.53	441.6444	1.843	690653.1537
01NC06	2006-07-07	73.04	60.98	15.45	17.01	262.8045	1.101	385810.3631
01NC06	2006-07-08	78.98	57.92	15.43	18.45	284.6835	1.1957	686425.9084
01NC06	2006-07-09	80.96	59	15.43	19.98	308.2914	1.2949	731759.0828
01NC06	2006-07-10	82.04	60.98	15.4	21.51	331.254	1.3968	714326.2046
01NC06	2006-07-11	86	62.96	15.4	24.48	376.992	1.5896	813942.2269
01NC06	2006-07-12	87.98	66.92	15.38	26.46	406.9548	1.7204	771653.7224
01NC06	2006-07-13	89.06	66.92	15.35	26.46	406.161	1.7238	813698.0818
01NC06	2006-07-14	91.04	73.94	15.33	29.97	459.4401	1.955	662997.2383
01NC06	2006-07-15	91.04	73.94	15.32	29.97	459.1404	1.9563	662132.5534
01NC06	2006-07-16	91.94	73.04	15.3	29.52	451.656	1.9294	729921.179
01NC06	2006-07-17	91.04	66.02	15.27	26.01	397.1727	1.7033	916285.8346
01NC06	2006-07-18	93.92	68	15.25	27	411.75	1.7705	976056.9984
01NC06	2006-07-19	95	71.06	15.23	28.53	434.5119	1.8733	922123.2799
01NC06	2006-07-20	93.92	69.08	15.2	27.54	418.608	1.8118	935462.4768
01NC06	2006-07-21	91.04	69.08	15.18	27.54	418.0572	1.8142	810254.5161
01NC06	2006-07-22	91.04	69.98	15.15	27.99	424.0485	1.8475	778329.4347
01NC06	2006-07-23	87.08	69.08	15.13	27.54	416.6802	1.8202	643457.9359
01NC06	2006-07-24	82.94	66.92	15.1	24.93	376.443	1.651	547396.6492
01NC06	2006-07-25	86	69.08	15.07	27.54	415.0278	1.8275	595912.7199
01NC06	2006-07-26	84.02	69.98	15.05	27	406.35	1.794	489734.6454
01NC06	2006-07-27	87.98	69.98	15.02	27.99	420.4098	1.8635	641445.1053
01NC06	2006-07-28	93.02	69.98	15	27.99	419.85	1.866	844992
01NC06	2006-07-29	95	71.96	14.97	28.98	433.8306	1.9359	862062.0195
01NC06	2006-07-30	87.98	69.98	14.93	27.99	417.8907	1.8747	633781.0441
01NC06	2006-07-31	89.96	71.06	14.9	28.53	425.097	1.9148	675638.1488
01NC06	2006-08-01	93.02	71.96	14.87	28.98	430.9326	1.9489	768265.9814
01NC06	2006-08-02	95	73.04	14.83	29.52	437.7816	1.9906	811572.4777
01NC06	2006-08-03	96.98	75.02	14.82	30.51	452.1582	2.0587	829577.9307
01NC06	2006-08-04	98.06	75.02	14.78	30.51	450.9378	2.0643	871120.4906
01NC06	2006-08-05	98.06	73.94	14.75	29.97	442.0575	2.0319	902588.49
01NC06	2006-08-06	89.06	73.94	14.72	29.97	441.1584	2.036	534016.9175
01NC06	2006-08-07	89.96	71.96	14.68	28.98	425.4264	1.9741	628094.6749
01NC06	2006-08-08	93.02	71.96	14.65	28.98	424.557	1.9782	745701.3263
01NC06	2006-08-09	93.92	73.04	14.62	29.52	431.5824	2.0192	745139.6537
01NC06	2006-08-10	87.98	69.98	14.58	27.99	408.0942	1.9198	604414.2266
02MO06	2006-05-18	73.04	48.92	15.4	11.52	177.408	0.7481	697647.6904
02MO06	2006-05-19	86	51.98	15.43	18.99	293.0157	1.2307	1117589.472
02MO06	2006-05-20	75.02	57.02	15.45	16.02	247.509	1.0369	567329.0058
02MO06	2006-05-21	82.04	53.06	15.48	17.55	271.674	1.1337	938200.4628
02MO06	2006-05-22	75.92	57.02	15.52	16.47	255.6144	1.0612	605202.7774
02MO06	2006-05-23	78.98	57.92	15.53	18.45	286.5285	1.188	695352.0293
02MO06	2006-05-24	87.08	66.02	15.57	26.01	404.9757	1.6705	781647.2111
02MO06	2006-05-25	89.06	69.08	15.6	27.54	429.624	1.7654	768929.309
02MO06	2006-05-26	87.08	66.92	15.63	26.46	413.5698	1.6929	758453.9276
02MO06	2006-05-27	91.04	69.98	15.65	27.99	438.0435	1.7885	830552.0852
02MO06	2006-05-28	91.04	68	15.68	27	423.36	1.7219	900909.0685
02MO06	2006-05-29	91.04	66.92	15.68	26.46	414.8928	1.6875	936734.5639
02MO06	2006-05-30	84.92	66.02	15.72	25.47	400.3884	1.6202	704970.9695
02MO06	2006-05-31	84.02	66.02	15.73	25.02	393.5646	1.5906	668246.9817
02MO06	2006-06-01	75.92	62.06	15.77	18.99	299.4723	1.2042	475600.9983
02MO06	2006-06-02	82.94	57.92	15.78	20.43	322.3854	1.2947	877584.5871
02MO06	2006-06-03	86	62.06	15.8	24.03	379.674	1.5209	884863.0597
02MO06	2006-06-04	80.06	62.06	15.82	21.06	333.1692	1.3312	640236.8428
02MO06	2006-06-05	82.04	60.98	15.83	21.51	340.5033	1.3588	754774.0675
02MO06	2006-06-06	84.92	62.06	15.85	23.49	372.3165	1.482	844098.2545
02MO06	2006-06-07	87.08	66.92	15.87	26.46	419.9202	1.6673	781925.006
02MO06	2006-06-08	87.98	64.04	15.87	25.02	397.0674	1.5766	916597.6254
02MO06	2006-06-09	89.06	69.08	15.9	27.54	437.886	1.7321	798787.8805
02MO06	2006-06-10	91.04	66.92	15.92	26.46	421.2432	1.6621	965629.5675
02MO06	2006-06-11	80.06	60.98	15.92	20.52	326.6784	1.2889	682035.2113
02MO06	2006-06-12	73.04	59	15.93	16.02	255.1986	1.0056	470439.9282
02MO06	2006-06-13	78.98	55.94	15.93	17.46	278.1378	1.096	788842.6055
02MO06	2006-06-14	84.92	60.08	15.93	22.5	358.425	1.4124	914010.4168
02MO06	2006-06-15	87.98	64.04	15.95	25.02	399.069	1.5687	925861.9771
02MO06	2006-06-16	89.96	69.08	15.95	27.54	439.263	1.7266	844808.4248
02MO06	2006-06-17	84.02	64.94	15.97	24.48	390.9456	1.5329	724866.2282
02MO06	2006-06-18	82.04	62.96	15.97	22.5	359.325	1.4089	705596.1539
02MO06	2006-06-19	89.06	64.04	15.97	25.02	399.5694	1.5667	976949.98
02MO06	2006-06-20	89.96	68	15.97	27	431.19	1.6907	884686.282
02MO06	2006-06-21	91.04	71.96	15.97	28.98	462.8106	1.8147	793187.4006
02MO06	2006-06-22	84.02	66.02	15.97	25.02	399.5694	1.5667	688794.0594
02MO06	2006-06-23	82.94	64.04	15.97	23.49	375.1353	1.4709	708483.727
02MO06	2006-06-24	84.92	62.06	15.97	23.49	375.1353	1.4709	856927.9365
02MO06	2006-06-25	82.94	62.96	15.95	22.95	366.0525	1.4389	741604.1485
02MO06	2006-06-26	75.02	60.08	15.95	17.55	279.9225	1.1003	513484.4796
02MO06	2006-06-27	80.96	57.02	15.93	18.99	302.5107	1.1921	838246.6728
02MO06	2006-06-28	86	57.92	15.93	21.96	349.8228	1.3785	1025533.391
02MO06	2006-06-29	91.94	62.96	15.93	24.48	389.9664	1.5367	1139151.144
02MO06	2006-06-30	84.02	66.92	15.92	25.47	405.4824	1.5999	654163.9134
02MO06	2006-07-01	95	64.04	15.92	25.02	398.3184	1.5716	1247939.255
02MO06	2006-07-02	95	69.08	15.9	27.54	437.886	1.7321	1075189.2
02MO06	2006-07-03	95	69.08	15.9	27.54	437.886	1.7321	1075189.2
02MO06	2006-07-04	84.02	66.92	15.87	25.47	404.2089	1.6049	650061.2963
02MO06	2006-07-05	82.04	62.06	15.85	22.05	349.4925	1.3912	723299.2218
02MO06	2006-07-06	82.04	60.98	15.85	21.51	340.9335	1.3571	756682.4715
02MO06	2006-07-07	82.94	59	15.82	20.97	331.7454	1.3255	850436.5271
02MO06	2006-07-08	87.08	60.98	15.8	23.49	371.142	1.4867	964700.3282
02MO06	2006-07-09	87.08	68	15.8	27	426.6	1.7089	738666.3865
02MO06	2006-07-10	78.08	66.92	15.77	22.5	354.825	1.4268	402434.8508
02MO06	2006-07-11	87.98	69.08	15.75	27.54	433.755	1.7486	736357.1591
02MO06	2006-07-12	89.96	73.94	15.73	29.97	471.4281	1.9053	649679.122
02MO06	2006-07-13	95	69.08	15.72	27.54	432.9288	1.7519	1050983.089
02MO06	2006-07-14	87.98	68	15.68	27	423.36	1.7219	766225.3507
02MO06	2006-07-15	93.02	71.06	15.67	28.53	447.0651	1.8207	884761.0107
02MO06	2006-07-16	95	73.94	15.63	29.97	468.4311	1.9175	869178.1751
02MO06	2006-07-17	96.98	73.94	15.62	29.97	468.1314	1.9187	960809.7864
02MO06	2006-07-18	95	73.94	15.6	29.97	467.532	1.9212	865844.8007
02MO06	2006-07-19	100.94	77	15.57	31.5	490.455	2.0231	1032701.856
02MO06	2006-07-20	102.92	73.04	15.53	29.52	458.4456	1.9008	1268053.152
02MO06	2006-07-21	84.92	64.94	15.5	24.93	386.415	1.6084	719357.2227
02MO06	2006-07-22	82.94	62.06	15.47	22.5	348.075	1.4544	724567.9568
02MO06	2006-07-23	87.98	60.98	15.45	23.49	362.9205	1.5204	960042.3588
02MO06	2006-07-24	91.94	62.06	15.42	24.03	370.5426	1.5584	1094132.86
02MO06	2006-07-25	96.08	66.02	15.4	26.01	400.554	1.689	1155615.698
02MO06	2006-07-26	98.06	73.94	15.37	29.97	460.6389	1.9499	980061.8528
02MO06	2006-07-27	89.06	75.02	15.33	30.51	467.7183	1.9902	541386.0548
02MO06	2006-07-28	95	71.06	15.3	28.53	436.509	1.8647	930619.2705
02MO06	2006-07-29	100.94	73.94	15.27	29.97	457.6419	1.9627	1100986.472
02MO06	2006-07-30	102.92	73.94	15.23	29.97	456.4431	1.9678	1188852.043
02MO06	2006-07-31	102.02	77	15.2	31.5	478.8	2.0724	1034846.736
02MO06	2006-08-01	102.02	77	15.17	31.5	477.855	2.0765	1030765.846
02MO06	2006-08-02	102.92	77	15.13	31.5	476.595	2.082	1067560.007
02MO06	2006-08-03	87.08	69.08	15.08	27.54	415.3032	1.8263	639212.1016
02MO06	2006-08-04	91.04	64.04	15.05	25.02	376.551	1.6625	948402.2079
02MO06	2006-08-05	93.92	64.94	15.02	25.47	382.5594	1.6957	1038610.729
02MO06	2006-08-06	102.92	71.06	14.98	28.53	427.3794	1.9045	1243852.046
02MO06	2006-08-07	96.98	73.04	14.95	29.52	441.324	1.9746	909717.4875
02MO06	2006-08-08	95	73.94	14.9	29.97	446.553	2.0114	789884.1396
02MO06	2006-08-09	102.02	73.04	14.87	29.52	438.9624	1.9852	1121778.836
02MO06	2006-08-10	91.04	73.94	14.83	29.97	444.4551	2.0209	620454.1757
02MO06	2006-08-11	91.04	71.06	14.78	28.53	421.6734	1.9303	707501.5031
02MO06	2006-08-12	89.06	69.08	14.75	27.54	406.215	1.8671	687418.5683
02MO06	2006-08-13	96.98	66.92	14.72	26.46	389.4912	1.7976	1067538.508
02MO06	2006-08-14	82.94	64.04	14.67	23.49	344.5983	1.6012	597833.5379
02MO06	2006-08-15	87.98	59	14.63	22.5	329.175	1.5379	911685.9804
02MO06	2006-08-16	91.94	62.06	14.6	24.03	350.838	1.6459	980860.0032
02MO06	2006-08-17	96.98	68	14.55	27	392.85	1.8557	1012175.142
02MO06	2006-08-18	98.96	69.98	14.52	27.99	406.4148	1.9277	1032200.592
02MO06	2006-08-19	91.04	71.96	14.47	28.98	419.3406	2.0028	651182.9742
02MO06	2006-08-20	84.02	69.98	14.43	27	389.61	1.8711	450215.5498
02MO06	2006-08-21	87.98	66.92	14.38	26.46	380.4948	1.8401	674570.829
02MO06	2006-08-22	89.06	64.04	14.35	25.02	359.037	1.7436	788798.9034
02MO06	2006-08-23	93.02	62.96	14.3	24.48	350.064	1.7119	958804.287
02MO06	2006-08-24	93.92	62.06	14.27	24.03	342.9081	1.684	1011958.339
02MO06	2006-08-25	84.02	71.06	14.22	27.54	391.6188	1.9367	406405.8836
03NY06	2006-05-09	73.94	48.92	15.48	11.97	185.2956	0.7733	736613.5934
03NY06	2006-05-10	71.96	48.02	15.52	10.98	170.4096	0.7075	691857.1564
03NY06	2006-05-11	77	53.06	15.55	15.03	233.7165	0.9666	752885.0656
03NY06	2006-05-12	69.98	51.98	15.6	10.98	171.288	0.7038	534243.3408
03NY06	2006-05-13	71.06	51.08	15.63	11.07	173.0241	0.7083	596171.6989
03NY06	2006-05-14	71.96	48.92	15.68	10.98	172.1664	0.7003	684745.2729
03NY06	2006-05-15	62.96	48.02	15.72	6.48	101.8656	0.4122	409732.4885
03NY06	2006-05-16	59	50	15.75	4.5	70.875	0.2857	243349.3125
03NY06	2006-05-17	60.98	51.08	15.78	6.03	95.1534	0.3821	276248.4249
03NY06	2006-05-18	66.02	51.98	15.82	9	142.38	0.5689	414631.2905
03NY06	2006-05-19	66.92	41	15.87	8.46	134.2602	0.5331	704515.8811
03NY06	2006-05-20	57.02	46.94	15.9	3.51	55.809	0.2208	264923.8462
03NY06	2006-05-21	55.04	44.96	15.95	2.52	40.194	0.158	256437.72
03NY06	2006-05-22	51.98	37.04	15.97	0.99	15.8103	0.062	339193.8893
03NY06	2006-05-23	51.08	39.02	16	0.54	8.64	0.0338	278171.136
03NY06	2006-05-24	59	42.08	16.03	4.5	72.135	0.2807	439473.4435
03NY06	2006-05-25	73.04	48.92	16.07	11.52	185.1264	0.7169	759672.6179
03NY06	2006-05-26	73.94	57.02	16.1	15.48	249.228	0.9615	574368.7159
03NY06	2006-05-27	69.98	57.02	16.13	13.5	217.755	0.8369	428230.3632
03NY06	2006-05-28	64.94	48.92	16.15	7.47	120.6405	0.4625	475749.9426
03NY06	2006-05-29	80.06	51.98	16.18	16.02	259.2036	0.9901	970643.2834
03NY06	2006-05-30	87.98	62.06	16.22	24.03	389.7666	1.4815	1023160.469
03NY06	2006-05-31	93.02	69.08	16.22	27.54	446.6988	1.6979	1020960.314
03NY06	2006-06-01	89.96	66.02	16.25	26.01	422.6625	1.6006	986051.9419
03NY06	2006-06-02	78.08	59	16.28	18.54	301.8312	1.1388	693204.3307
03NY06	2006-06-03	73.04	55.94	16.3	14.49	236.187	0.889	585994.705
03NY06	2006-06-04	59	53.96	16.33	6.48	105.8184	0.3968	151819.5115
03NY06	2006-06-05	60.08	50	16.35	5.04	82.404	0.3083	296622.7569
03NY06	2006-06-06	75.92	50	16.35	12.96	211.896	0.7927	872499.5793
03NY06	2006-06-07	77	55.94	16.38	16.47	269.7786	1.0055	751176.2289
03NY06	2006-06-08	71.96	57.92	16.4	14.94	245.016	0.911	490452.6482
03NY06	2006-06-09	64.94	55.94	16.4	10.44	171.216	0.6366	292606.9632
03NY06	2006-06-10	66.92	46.04	16.43	8.46	138.9978	0.5149	636693.3369
03NY06	2006-06-11	59	46.94	16.45	4.5	74.025	0.2736	345731.6039
03NY06	2006-06-12	60.98	48.02	16.45	5.49	90.3105	0.3337	382263.9156
03NY06	2006-06-13	66.02	51.98	16.47	9	148.23	0.5464	449403.3582
03NY06	2006-06-14	73.04	55.94	16.47	14.49	238.6503	0.8798	598281.6481
03NY06	2006-06-15	75.02	51.98	16.48	13.5	222.48	0.8192	794695.2376
03NY06	2006-06-16	75.02	51.98	16.48	13.5	222.48	0.8192	794695.2376
03NY06	2006-06-17	82.94	62.06	16.48	22.5	370.8	1.3653	822267.095
03NY06	2006-06-18	89.96	66.92	16.5	26.46	436.59	1.6036	984051.7632
03NY06	2006-06-19	91.04	71.06	16.5	28.53	470.745	1.7291	881751.8655
03NY06	2006-06-20	78.98	62.96	16.5	20.97	346.005	1.2709	619063.5033
03NY06	2006-06-21	75.92	53.96	16.5	14.94	246.51	0.9055	776501.8668
03NY06	2006-06-22	78.98	57.92	16.5	18.45	304.425	1.1182	784927.7865
03NY06	2006-06-23	86	66.92	16.5	26.46	436.59	1.6036	794347.5276
03NY06	2006-06-24	77	60.98	16.5	18.99	313.335	1.1509	601792.1811
03NY06	2006-06-25	82.94	62.96	16.48	22.95	378.216	1.3926	791708.2864
03NY06	2006-06-26	80.96	66.02	16.48	23.49	387.1152	1.4254	596380.2535
03NY06	2006-06-27	75.02	66.02	16.48	20.52	338.1696	1.2451	344745.9901
03NY06	2006-06-28	80.96	66.02	16.47	23.49	386.8803	1.4262	595656.7106
03NY06	2006-06-29	84.92	62.96	16.47	23.94	394.2918	1.4536	880904.7991
03NY06	2006-06-30	78.98	60.98	16.45	19.98	328.671	1.2146	681723.4662
03NY06	2006-07-01	77	59	16.43	18	295.74	1.0956	660825.1152
03NY06	2006-07-02	82.94	66.92	16.42	24.93	409.3506	1.5183	647283.5135
03NY06	2006-07-03	86	66.92	16.4	26.46	433.944	1.6134	784748.2499
03NY06	2006-07-04	86	69.08	16.4	27.54	451.656	1.6793	705738.5603
03NY06	2006-07-05	80.96	60.98	16.37	20.97	343.2789	1.281	759972.0909
03NY06	2006-07-06	75.92	55.04	16.35	15.48	253.098	0.9468	730978.62
03NY06	2006-07-07	73.94	55.94	16.33	14.94	243.9702	0.9149	623429.2212
03NY06	2006-07-08	80.06	57.02	16.32	18.54	302.5728	1.136	841195.3811
03NY06	2006-07-09	80.96	64.04	16.28	22.5	366.3	1.3821	650245.2106
03NY06	2006-07-10	82.04	64.04	16.27	23.04	374.8608	1.4161	696046.6878
03NY06	2006-07-11	82.04	62.96	16.25	22.5	365.625	1.3846	730555.3125
03NY06	2006-07-12	82.04	66.02	16.23	24.03	390.0069	1.4806	624794.6419
03NY06	2006-07-13	78.08	66.02	16.2	22.05	357.21	1.3611	456080.3042
03NY06	2006-07-14	82.04	64.04	16.17	23.04	372.5568	1.4249	687516.7844
03NY06	2006-07-15	89.06	69.98	16.15	27.99	452.0385	1.7331	791461.4944
03NY06	2006-07-16	82.94	64.94	16.12	23.94	385.9128	1.4851	691690.8361
03NY06	2006-07-17	91.94	71.06	16.08	28.53	458.7624	1.7743	880015.2284
03NY06	2006-07-18	91.04	71.96	16.05	28.98	465.129	1.8056	801154.0791
03NY06	2006-07-19	84.02	62.06	16.02	23.04	369.1008	1.4382	823281.0507
03NY06	2006-07-20	87.08	66.02	15.98	26.01	415.6398	1.6277	823354.9627
03NY06	2006-07-21	87.08	68	15.95	27	430.65	1.6928	752758.2735
03NY06	2006-07-22	82.04	69.08	15.92	25.56	406.9152	1.6055	496378.6268
03NY06	2006-07-23	69.98	57.92	15.88	13.95	221.526	0.8785	388972.4555
03NY06	2006-07-24	77	59	15.85	18	285.3	1.1356	614992.68
03NY06	2006-07-25	82.94	62.06	15.82	22.5	355.95	1.4223	757724.7182
03NY06	2006-07-26	87.08	66.92	15.78	26.46	417.5388	1.6768	773081.439
03NY06	2006-07-27	87.98	69.08	15.75	27.54	433.755	1.7486	736357.1591
03NY06	2006-07-28	87.08	71.96	15.72	28.98	455.5656	1.8435	594241.8603
03NY06	2006-07-29	80.06	66.02	15.67	23.04	361.0368	1.4703	503611.7577
03NY06	2006-07-30	87.98	69.08	15.63	27.54	430.4502	1.762	725179.2241
03NY06	2006-07-31	80.96	66.92	15.58	23.94	372.9852	1.5366	503977.858
03NY06	2006-08-01	89.96	69.98	15.55	27.99	435.2445	1.8	772704.3592
03NY06	2006-08-02	93.02	78.08	15.52	32.04	497.2608	2.0644	615721.1061
03NY06	2006-08-03	93.92	75.02	15.47	30.51	471.9897	1.9722	764143.4968
03NY06	2006-08-04	80.96	66.92	15.42	23.94	369.1548	1.5525	493679.7314
03NY06	2006-08-05	82.04	60.98	15.38	21.51	330.8238	1.3986	712472.0167
03NY06	2006-08-06	78.08	57.92	15.33	18	275.94	1.1742	644338.0017
03NY06	2006-08-07	82.94	62.96	15.3	22.95	351.135	1.5	682391.5454
03NY06	2006-08-08	86	64.04	15.25	25.02	381.555	1.6407	766265.1579
03NY06	2006-08-09	73.94	53.06	15.22	13.5	205.47	0.887	614275.9612
03NY06	2006-08-10	80.96	55.94	15.17	18.45	279.8865	1.2162	788246.2532
03NY06	2006-08-11	80.06	53.96	15.12	17.01	257.1912	1.125	799675.3393
03NY06	2006-08-12	71.06	51.98	15.08	11.52	173.7216	0.7639	533859.9923
03NY06	2006-08-13	73.04	50	15.03	11.52	173.1456	0.7665	640393.2688
03NY06	2006-08-14	77	55.04	14.98	16.02	239.9796	1.0694	650671.0408
03NY06	2006-08-15	82.04	60.08	14.95	21.06	314.847	1.4087	697541.2896
03NY06	2006-08-16	78.98	57.02	14.88	18	267.84	1.2097	661267.3905
04IL06	2006-05-09	71.96	51.08	15.22	11.52	175.3344	0.7569	595122.1596
04IL06	2006-05-10	71.06	53.06	15.25	12.06	183.915	0.7908	519581.835
04IL06	2006-05-11	62.06	46.94	15.28	6.03	92.1384	0.3946	384791.0815
04IL06	2006-05-12	48.02	42.08	15.32	0	0	0	125611.3163
04IL06	2006-05-13	48.92	42.08	15.35	0	0	0	146660.8689
04IL06	2006-05-14	55.04	44.06	15.38	2.52	38.7576	0.1638	257388.2194
04IL06	2006-05-15	64.04	46.04	15.42	7.02	108.2484	0.4553	471139.67
04IL06	2006-05-16	66.92	51.98	15.45	9.45	146.0025	0.6117	424023.0051
04IL06	2006-05-17	75.02	48.92	15.48	12.51	193.6548	0.8081	775164.5654
04IL06	2006-05-18	64.94	46.04	15.52	7.47	115.9344	0.4813	505230.9631
04IL06	2006-05-19	71.96	42.98	15.55	10.98	170.739	0.7061	805434.7456
04IL06	2006-05-20	69.98	46.94	15.58	9.99	155.6442	0.6412	653892.247
04IL06	2006-05-21	69.98	50	15.62	9.99	156.0438	0.6396	584879.5013
04IL06	2006-05-22	69.98	44.96	15.65	9.99	156.3435	0.6383	704347.8316
04IL06	2006-05-23	77	44.06	15.68	13.5	211.68	0.861	980429.5246
04IL06	2006-05-24	86	51.08	15.7	18.54	291.078	1.1809	1179906.614
04IL06	2006-05-25	84.02	64.04	15.73	24.03	377.9919	1.5277	731965.6052
04IL06	2006-05-26	84.02	64.04	15.77	24.03	378.9531	1.5238	735692.9861
04IL06	2006-05-27	89.06	62.96	15.78	24.48	386.2944	1.5513	987996.1069
04IL06	2006-05-28	91.94	69.08	15.82	27.54	435.6828	1.7408	921231.9818
04IL06	2006-05-29	91.94	66.92	15.85	26.46	419.391	1.6694	998528.3429
04IL06	2006-05-30	91.04	69.08	15.85	27.54	436.509	1.7375	883357.3975
04IL06	2006-05-31	86	66.02	15.88	26.01	413.0388	1.6379	765944.3347
04IL06	2006-06-01	69.08	62.06	15.9	15.57	247.563	0.9792	232737.5939
04IL06	2006-06-02	80.96	60.08	15.93	20.52	326.8836	1.2881	747316.1112
04IL06	2006-06-03	80.96	55.94	15.95	18.45	294.2775	1.1567	871389.1103
04IL06	2006-06-04	78.98	55.94	15.97	17.46	278.8362	1.0933	792809.124
04IL06	2006-06-05	82.04	55.04	15.98	18.54	296.2692	1.1602	945129.6981
04IL06	2006-06-06	82.04	55.04	16	18.54	296.64	1.1587	947496.96
04IL06	2006-06-07	87.08	62.96	16.02	24.48	392.1696	1.5281	928772.5739
04IL06	2006-06-08	87.08	64.94	16.03	25.47	408.2841	1.5889	864859.1598
04IL06	2006-06-09	82.04	57.92	16.05	19.98	320.679	1.2449	869623.5871
04IL06	2006-06-10	64.04	55.94	16.05	9.99	160.3395	0.6224	250347.8984
04IL06	2006-06-11	66.02	55.04	16.07	10.53	169.2171	0.6553	343269.141
04IL06	2006-06-12	75.92	51.98	16.08	13.95	224.316	0.8675	791711.1829
04IL06	2006-06-13	78.98	53.96	16.1	16.47	265.167	1.023	862173.6225
04IL06	2006-06-14	84.02	55.94	16.1	19.98	321.678	1.241	1018715.207
04IL06	2006-06-15	89.96	62.06	16.1	24.03	386.883	1.4925	1099402.407
04IL06	2006-06-16	91.04	66.02	16.12	26.01	419.2812	1.6135	1021134.556
04IL06	2006-06-17	93.02	62.96	16.12	24.48	394.6176	1.5186	1218394.605
04IL06	2006-06-18	80.96	64.04	16.13	22.5	362.925	1.3949	638318.0065
04IL06	2006-06-19	87.98	62.96	16.12	24.48	394.6176	1.5186	981345.0269
04IL06	2006-06-20	86	62.06	16.12	24.03	387.3636	1.4907	921068.5766
04IL06	2006-06-21	93.92	73.04	16.12	29.52	475.8624	1.8313	905884.8682
04IL06	2006-06-22	84.92	73.04	16.12	28.98	467.1576	1.7978	487633.6202
04IL06	2006-06-23	86	64.94	16.13	25.47	410.8311	1.579	827049.3931
04IL06	2006-06-24	84.92	60.98	16.12	22.95	369.954	1.4237	907631.4016
04IL06	2006-06-25	82.94	62.06	16.12	22.5	362.7	1.3958	786735.1814
04IL06	2006-06-26	78.98	62.06	16.12	20.52	330.7824	1.273	620115.7086
04IL06	2006-06-27	78.98	59	16.1	18.99	305.739	1.1795	714600.6001
04IL06	2006-06-28	82.04	57.92	16.1	19.98	321.678	1.241	875050.2422
04IL06	2006-06-29	82.94	55.94	16.08	19.44	312.5952	1.209	969561.9441
04IL06	2006-06-30	86	60.08	16.08	23.04	370.4832	1.4328	979034.1621
04IL06	2006-07-01	91.94	60.08	16.05	23.04	369.792	1.4355	1247660.923
04IL06	2006-07-02	93.92	69.98	16.05	27.99	449.2395	1.7439	1010771.931
04IL06	2006-07-03	93.92	71.06	16.03	28.53	457.3359	1.7798	969113.3362
04IL06	2006-07-04	84.02	66.92	16.03	25.47	408.2841	1.5889	663235.098
04IL06	2006-07-05	78.08	59	16.02	18.54	297.0108	1.1573	671239.4759
04IL06	2006-07-06	82.04	55.94	15.98	18.99	303.4602	1.1884	919623.7906
04IL06	2006-07-07	80.96	57.92	15.98	19.44	310.6512	1.2165	817100.9822
04IL06	2006-07-08	82.94	57.92	15.95	20.43	325.8585	1.2809	896595.1065
04IL06	2006-07-09	86	64.94	15.93	25.47	405.7371	1.5989	806666.9506
04IL06	2006-07-10	87.98	64.04	15.93	25.02	398.5686	1.5706	923541.5219
04IL06	2006-07-11	82.94	71.06	15.9	27	429.3	1.6981	462520.9512
04IL06	2006-07-12	86	66.92	15.88	26.46	420.1848	1.6662	735772.6765
04IL06	2006-07-13	86	66.92	15.85	26.46	419.391	1.6694	732995.3049
04IL06	2006-07-14	84.92	71.96	15.82	28.44	449.9208	1.7977	508845.0341
04IL06	2006-07-15	93.02	69.08	15.82	27.54	435.6828	1.7408	971225.5956
04IL06	2006-07-16	91.94	68	15.78	27	426.06	1.711	953444.0997
04IL06	2006-07-17	91.04	66.92	15.75	26.46	416.745	1.68	945116.9343
04IL06	2006-07-18	91.04	71.06	15.73	28.53	448.7769	1.8137	801375.2843
04IL06	2006-07-19	91.94	69.08	15.7	27.54	432.378	1.7541	907309.2806
04IL06	2006-07-20	86	69.08	15.67	27.54	431.5518	1.7575	644308.9201
04IL06	2006-07-21	80.06	62.96	15.63	21.51	336.2013	1.3762	597462.7591
04IL06	2006-07-22	78.98	60.98	15.6	19.98	311.688	1.2808	613091.9808
04IL06	2006-07-23	82.94	60.08	15.57	21.51	334.9107	1.3815	792592.9863
04IL06	2006-07-24	86	62.06	15.53	24.03	373.1859	1.5473	854879.3027
04IL06	2006-07-25	87.98	66.02	15.5	26.01	403.155	1.6781	812487.06
04IL06	2006-07-26	86	68	15.47	27	417.69	1.7453	663397.5348
04IL06	2006-07-27	87.98	71.06	15.43	28.53	440.2179	1.849	640676.1806
04IL06	2006-07-28	89.06	71.96	15.4	28.98	446.292	1.8818	653006.3047
04IL06	2006-07-29	91.04	69.98	15.37	27.99	430.2063	1.8211	801098.5103
04IL06	2006-07-30	93.02	71.06	15.33	28.53	437.3649	1.8611	846783.3165
04IL06	2006-07-31	93.92	71.06	15.3	28.53	436.509	1.8647	882857.0451
04IL06	2006-08-01	93.92	73.94	15.27	29.97	457.6419	1.9627	782025.2518
04IL06	2006-08-02	93.92	75.02	15.23	30.51	464.6673	2.0033	740617.7233
04IL06	2006-08-03	86	69.08	15.2	27.54	418.608	1.8118	606238.2397
04IL06	2006-08-04	87.08	64.04	15.15	25.02	379.053	1.6515	799152.5422
04IL06	2006-08-05	86	64.04	15.12	25.02	378.3024	1.6548	753256.6485
04IL06	2006-08-06	89.06	64.04	15.08	25.02	377.3016	1.6592	871094.3144
04IL06	2006-08-07	84.02	69.98	15.05	27	406.35	1.794	489734.6454
04IL06	2006-08-08	80.96	66.92	15	23.94	359.1	1.596	467152.92
04IL06	2006-08-09	82.04	66.92	14.97	24.48	366.4656	1.6353	504736.8994
04IL06	2006-08-10	82.94	69.98	14.93	26.46	395.0478	1.7723	441762.5603
04IL06	2006-08-11	78.98	66.92	14.88	22.95	341.496	1.5423	389590.5932
04IL06	2006-08-12	82.04	60.98	14.85	21.51	319.4235	1.4485	664214.0346
04IL06	2006-08-13	82.94	59	14.8	20.97	310.356	1.4169	744307.4701
04IL06	2006-08-14	78.98	66.02	14.77	22.5	332.325	1.5234	409952.9297
04IL06	2006-08-15	82.94	60.08	14.73	21.51	316.8423	1.4603	709379.2707
04IL06	2006-08-16	82.94	62.06	14.68	22.5	330.3	1.5327	652455.0662
05FL06	2006-09-23	89.96	69.98	12.87	27.99	360.2313	2.1748	529309.4764
05FL06	2006-09-24	87.98	69.98	12.85	27.99	359.6715	2.1782	469489.5018
05FL06	2006-09-25	91.04	73.04	12.82	29.52	378.4464	2.3027	485404.9523
05FL06	2006-09-26	89.96	71.96	12.8	28.98	370.944	2.2641	477521.5104
05FL06	2006-09-27	93.02	71.96	12.77	28.98	370.0746	2.2694	566593.3339
05FL06	2006-09-28	91.94	71.96	12.75	28.98	369.495	2.2729	532346.9951
05FL06	2006-09-29	84.02	69.98	12.73	27	343.71	2.121	350384.2983
05FL06	2006-09-30	87.08	69.98	12.7	27.99	355.473	2.2039	433180.7465
05FL06	2006-10-01	89.96	71.06	12.68	28.53	361.7604	2.25	489305.5407
05FL06	2006-10-02	87.98	71.96	12.63	28.98	366.0174	2.2945	408720.3904
05FL06	2006-10-03	89.06	71.96	12.62	28.98	365.7276	2.2964	438525.2881
05FL06	2006-10-04	89.06	71.96	12.6	28.98	365.148	2.3	437136.4519
05FL06	2006-10-05	87.98	71.96	12.57	28.98	364.2786	2.3055	404846.2854
05FL06	2006-10-06	87.08	71.06	12.55	28.53	358.0515	2.2733	399017.2745
05FL06	2006-10-07	87.08	68	12.52	27	338.04	2.1565	463812.8968
05FL06	2006-10-08	89.06	66.92	12.5	26.46	330.75	2.1168	539593.3125
05FL06	2006-10-09	91.04	66.92	12.47	26.46	329.9562	2.1219	592457.6826
05FL06	2006-10-10	87.98	71.96	12.45	28.98	360.801	2.3277	397153.4196
05FL06	2006-10-11	89.96	69.98	12.43	27.99	347.9157	2.2518	493736.0438
05FL06	2006-10-12	89.06	71.06	12.4	28.53	353.772	2.3008	443160.9216
05FL06	2006-10-13	89.06	71.06	12.4	28.53	353.772	2.3008	443160.9216
05FL06	2006-10-14	91.04	71.06	12.37	28.53	352.9161	2.3064	495584.709
05FL06	2006-10-15	89.06	68	12.35	27	333.45	2.1862	504496.1719
05FL06	2006-10-16	84.02	68	12.32	26.01	320.4432	2.1112	369644.8464
05FL06	2006-10-17	82.94	69.08	12.3	26.01	319.923	2.1146	318767.6064
05FL06	2006-10-18	86	69.08	12.27	27.54	337.9158	2.2445	395043.8239
05FL06	2006-10-19	89.96	69.98	12.25	27.99	342.8775	2.2849	479539.9051
05FL06	2006-10-20	89.06	71.06	12.22	28.53	348.6366	2.3347	430388.3413
05FL06	2006-10-21	89.96	69.98	12.2	27.99	341.478	2.2943	475633.2826
05FL06	2006-10-22	89.96	69.53	12.18	27.765	338.1777	2.2796	483388.597
05FL06	2006-10-23	89.96	69.08	12.17	27.54	335.1618	2.2629	491833.3998
05FL06	2006-10-24	89.96	60.08	12.13	23.04	279.4752	1.8994	659643.4438
05FL06	2006-10-25	77	57.92	12.12	17.46	211.6152	1.4406	378146.3759
05FL06	2006-10-26	80.06	57.92	12.1	18.99	229.779	1.5694	447264.5709
05FL06	2006-10-27	82.04	60.98	12.08	21.51	259.8408	1.7806	439530.4919
05FL06	2006-10-28	84.02	64.94	12.05	24.48	294.984	2.0315	412688.2728
05FL06	2006-10-29	82.04	59	12.02	20.52	246.6504	1.7072	469497.9598
05FL06	2006-10-30	82.94	60.08	12.02	21.51	258.5502	1.7895	472369.5944
05FL06	2006-10-31	84.92	64.04	11.98	24.48	293.2704	2.0434	446389.3186
05FL06	2006-11-01	86	71.06	11.97	28.53	341.5041	2.3835	336205.2504
05FL06	2006-11-02	87.98	71.96	11.95	28.98	346.311	2.4251	365894.1062
05FL06	2006-11-03	78.08	69.98	11.93	24.03	286.6779	2.0142	170688.26
05FL06	2006-11-04	84.02	69.98	11.92	27	321.84	2.2651	307213.5306
05FL06	2006-11-05	80.06	71.06	11.88	25.56	303.6528	2.1515	191954.0748
05FL06	2006-11-06	82.04	71.96	11.88	27	320.76	2.2727	219085.7518
05FL06	2006-11-07	82.94	69.08	11.85	26.01	308.2185	2.1949	295869.8143
05FL06	2006-11-08	80.96	71.06	11.83	26.01	307.6983	2.1986	210622.8146
05FL06	2006-11-09	87.08	57.92	11.82	21.96	259.5672	1.8579	590731.9697
05FL06	2006-11-10	80.96	57.02	11.8	18.99	224.082	1.6093	459943.3047
05FL06	2006-11-11	82.94	57.02	11.78	19.98	235.3644	1.6961	503418.8948
05FL06	2006-11-12	84.92	62.06	11.77	23.49	276.4773	1.9958	465465.3906
05FL06	2006-11-13	80.96	62.96	11.73	21.96	257.5908	1.8721	356442.663
05FL06	2006-11-14	86	64.04	11.73	25.02	293.4846	2.133	453351.8742
05FL06	2006-11-15	84.92	64.94	11.72	24.93	292.1796	2.1271	411278.9059
05FL06	2006-11-16	84.02	69.08	11.68	26.55	310.104	2.2731	312040.8654
05FL06	2006-11-17	84.02	64.04	11.68	24.03	280.6704	2.0574	403570.0369
05FL06	2006-11-18	75.02	62.06	11.67	18.54	216.3618	1.5887	241947.3164
05FL06	2006-11-19	77	48.02	11.65	13.5	157.275	1.1588	491733.421
05FL06	2006-11-20	71.06	50	11.63	10.53	122.4639	0.9054	344840.6586
05FL06	2006-11-21	64.94	50	11.62	7.47	86.8014	0.6429	231864.3858
05FL06	2006-11-22	64.04	39.02	11.6	7.02	81.432	0.6052	346971.1951
05FL06	2006-11-23	71.06	39.92	11.58	10.53	121.9374	0.9093	463426.0552
05FL06	2006-11-24	71.96	46.94	11.58	10.98	127.1484	0.9482	398920.4302
05FL06	2006-11-25	75.92	53.06	11.57	14.49	167.6493	1.2524	394698.3552
05FL06	2006-11-26	78.98	62.06	11.55	20.52	237.006	1.7766	318351.2991
05FL06	2006-11-27	80.96	64.04	11.55	22.5	259.875	1.9481	327289.6935
05FL06	2006-11-28	80.06	60.98	11.53	20.52	236.5956	1.7797	357749.7049
05FL06	2006-11-29	80.96	62.06	11.52	21.51	247.7952	1.8672	358726.5626
05FL06	2006-11-30	82.04	66.02	11.52	24.03	276.8256	2.0859	314778.6112
05FL06	2006-12-01	80.96	71.06	11.5	26.01	299.115	2.2617	199035.9855
05FL06	2006-12-02	82.94	66.02	11.48	24.48	281.0304	2.1324	332164.9459
05FL06	2006-12-03	82.94	66.02	11.48	24.48	281.0304	2.1324	332164.9459
05FL06	2006-12-04	82.94	64.04	11.47	23.49	269.4303	2.048	365465.9184
05FL06	2006-12-05	84.02	60.98	11.45	22.5	257.625	1.9651	437987.232
05FL06	2006-12-06	84.02	60.08	11.45	22.05	252.4725	1.9258	452271.3738
05FL06	2006-12-07	80.06	60.98	11.45	20.52	234.954	1.7921	352802.4911
05FL06	2006-12-08	84.02	60.08	11.43	22.05	252.0315	1.9291	450692.7664
05FL06	2006-12-09	68	60.08	11.43	14.04	160.4772	1.2283	132525.3504
05FL06	2006-12-10	75.02	57.02	11.42	16.02	182.9484	1.4028	309963.2662
05FL06	2006-12-11	78.98	57.92	11.42	18.45	210.699	1.6156	376005.3487
05FL06	2006-12-12	78.08	64.94	11.42	21.51	245.6442	1.8835	245089.2974
05FL06	2006-12-13	80.06	64.94	11.4	22.5	256.5	1.9737	284924.304
05FL06	2006-12-14	80.06	69.08	11.4	24.57	280.098	2.1553	212816.9337
05FL06	2006-12-15	78.98	66.02	11.4	22.5	256.5	1.9737	244220.832
05FL06	2006-12-16	78.98	66.92	11.38	22.95	261.171	2.0167	227869.985
05FL06	2006-12-17	75.92	69.08	11.4	22.5	256.5	1.9737	128894.328
05FL06	2006-12-18	78.08	64.94	11.38	21.51	244.7838	1.8902	243375.3914
05FL06	2006-12-19	80.96	64.94	11.4	22.95	261.63	2.0132	303757.8473
05FL06	2006-12-20	80.96	62.06	11.38	21.51	244.7838	1.8902	350060.4945
05FL06	2006-12-21	80.96	68	11.4	24.48	279.072	2.1474	250890.5871
05FL06	2006-12-22	78.98	69.98	11.38	24.48	278.5824	2.1511	173618.7788
05FL06	2006-12-23	80.96	71.96	11.4	26.46	301.644	2.3211	178861.3488
05FL06	2006-12-24	84.02	68	11.38	26.01	295.9938	2.2856	315389.8874
05FL06	2006-12-25	84.92	69.08	11.4	27	307.8	2.3684	317019.2256
05FL06	2006-12-26	84.02	66.92	11.38	25.47	289.8486	2.2381	334260.4397
05FL06	2006-12-27	73.94	53.96	11.4	13.95	159.03	1.2237	332105.2423
05FL06	2006-12-28	73.94	53.06	11.4	13.5	153.9	1.1842	344622.7296
05FL06	2006-12-29	78.08	53.06	11.4	15.57	177.498	1.3658	426414.7191
05FL06	2006-12-30	80.96	62.06	11.42	21.51	245.6442	1.8835	352525.7017
05FL06	2006-12-31	80.96	71.96	11.4	26.46	301.644	2.3211	178861.3488
06PR06	2006-11-11	89.96	68	12.1	27	326.7	2.2314	507867.2423
06PR06	2006-11-12	91.94	68	12.1	27	326.7	2.2314	560598.5607
06PR06	2006-11-13	91.04	73.04	12.07	29.52	356.3064	2.4457	430271.6111
06PR06	2006-11-14	89.96	71.96	12.07	28.98	349.7886	2.401	424607.3821
06PR06	2006-11-15	89.06	71.06	12.05	28.53	343.7865	2.3676	418496.8374
06PR06	2006-11-16	89.06	71.96	12.05	28.98	349.209	2.405	399806.662
06PR06	2006-11-17	87.98	69.98	12.03	27.99	336.7197	2.3267	411482.0406
06PR06	2006-11-18	89.06	69.98	12.03	27.99	336.7197	2.3267	439153.1397
06PR06	2006-11-19	89.06	71.96	12.02	28.98	348.3396	2.411	397818.4015
06PR06	2006-11-20	89.96	73.04	12.02	29.52	354.8304	2.4559	398471.164
06PR06	2006-11-21	89.96	73.94	12	29.97	359.64	2.4975	378097.632
06PR06	2006-11-22	89.96	75.02	11.98	30.51	365.5098	2.5467	353749.2541
06PR06	2006-11-23	89.96	73.94	11.98	29.97	359.0406	2.5017	376838.3568
06PR06	2006-11-24	87.08	73.04	11.97	29.52	353.3544	2.4662	322107.6134
06PR06	2006-11-25	89.06	73.94	11.97	29.97	358.7409	2.5038	353124.3749
06PR06	2006-11-26	87.98	73.94	11.95	29.97	358.1415	2.5079	324641.0344
06PR06	2006-11-27	89.96	69.08	11.95	27.54	329.103	2.3046	474212.1444
06PR06	2006-11-28	91.04	68	11.93	27	322.11	2.2632	521518.5123
06PR06	2006-11-29	91.94	73.04	11.93	29.52	352.1736	2.4744	443786.4018
06PR06	2006-11-30	89.96	75.02	11.92	30.51	363.6792	2.5596	350214.7292
06PR06	2006-12-01	91.04	71.96	11.9	28.98	344.862	2.4353	440412.7644
06PR06	2006-12-02	89.96	73.04	11.92	29.52	351.8784	2.4765	391868.6077
06PR06	2006-12-03	87.08	71.96	11.9	28.98	344.862	2.4353	340527.4145
06PR06	2006-12-04	89.06	68	11.9	27	321.3	2.2689	468401.0746
06PR06	2006-12-05	89.96	71.06	11.88	28.53	338.9364	2.4015	429511.2146
06PR06	2006-12-06	91.04	73.94	11.88	29.97	356.0436	2.5227	398162.4416
06PR06	2006-12-07	91.94	78.98	11.88	32.49	385.9812	2.7348	312630.0838
06PR06	2006-12-08	91.94	73.04	11.87	29.52	350.4024	2.4869	439333.7236
06PR06	2006-12-09	89.96	71.96	11.87	28.98	343.9926	2.4414	410652.4689
06PR06	2006-12-10	91.04	73.04	11.87	29.52	350.4024	2.4869	416130.5403
06PR06	2006-12-11	89.96	71.96	11.87	28.98	343.9926	2.4414	410652.4689
06PR06	2006-12-12	89.96	62.96	11.85	24.48	290.088	2.0658	579782.0349
06PR06	2006-12-13	89.06	66.92	11.85	26.46	313.551	2.2329	484934.6683
06PR06	2006-12-14	89.96	71.06	11.85	28.53	338.0805	2.4076	427344.705
06PR06	2006-12-15	89.96	71.96	11.85	28.98	343.413	2.4456	409269.8016
06PR06	2006-12-16	87.08	73.04	11.85	29.52	349.812	2.4911	315681.6878
06PR06	2006-12-17	87.98	71.96	11.85	28.98	343.413	2.4456	359795.9779
06PR06	2006-12-18	87.08	69.98	11.85	27.99	331.6815	2.362	377136.3592
06PR06	2006-12-19	89.06	71.96	11.83	28.98	342.8334	2.4497	385341.1791
06PR06	2006-12-20	87.98	71.96	11.85	28.98	343.413	2.4456	359795.9779
06PR06	2006-12-21	89.06	68	11.83	27	319.41	2.2823	462906.6814
06PR06	2006-12-22	89.96	69.98	11.85	27.99	331.6815	2.362	448734.3095
06PR06	2006-12-23	87.98	71.06	11.83	28.53	337.5099	2.4117	376596.4441
06PR06	2006-12-24	87.08	69.08	11.85	27.54	326.349	2.3241	394710.7968
06PR06	2006-12-25	89.06	69.08	11.83	27.54	325.7982	2.328	442187.7505
06PR06	2006-12-26	87.98	71.06	11.85	28.53	338.0805	2.4076	377870.8812
06PR06	2006-12-27	89.96	73.04	11.85	29.52	349.812	2.4911	387279.6381
06PR06	2006-12-28	89.06	73.04	11.85	29.52	349.812	2.4911	364655.0457
06PR06	2006-12-29	91.04	71.96	11.85	28.98	343.413	2.4456	436719.5919
06PR06	2006-12-30	89.96	73.04	11.85	29.52	349.812	2.4911	387279.6381
06PR06	2006-12-31	89.06	71.96	11.87	28.98	343.9926	2.4414	387951.4421
06PR06	2007-01-01	87.08	69.08	11.85	27.54	326.349	2.3241	394710.7968
06PR06	2007-01-02	89.06	69.98	11.87	27.99	332.2413	2.358	427549.276
06PR06	2007-01-03	89.96	71.06	11.88	28.53	338.9364	2.4015	429511.2146
06PR06	2007-01-04	91.04	71.96	11.87	28.98	343.9926	2.4414	438194.9949
06PR06	2007-01-05	89.96	66.92	11.88	26.46	314.3448	2.2273	510132.434
06PR06	2007-01-06	87.98	73.04	11.88	29.52	350.6976	2.4848	339518.3887
06PR06	2007-01-07	87.98	71.96	11.88	28.98	344.2824	2.4394	361620.0357
06PR06	2007-01-08	89.96	71.06	11.9	28.53	339.507	2.3975	430958.5976
06PR06	2007-01-09	87.98	62.96	11.9	24.48	291.312	2.0571	534792.8273
06PR06	2007-01-10	87.98	66.92	11.92	26.46	315.4032	2.2198	463513.4016
06PR06	2007-01-11	87.98	68	11.92	27	321.84	2.2651	442809.4807
06PR06	2007-01-12	89.96	64.94	11.92	25.47	303.6024	2.1367	550669.7677
06PR06	2007-01-13	87.98	68	11.93	27	322.11	2.2632	443552.7613
06PR06	2007-01-14	87.08	64.94	11.93	25.47	303.8571	2.135	479026.1609
06PR06	2007-01-15	87.98	66.92	11.95	26.46	316.197	2.2142	465849.4587
06PR06	2007-01-16	91.94	69.08	11.95	27.54	329.103	2.3046	525644.1785
06PR06	2007-01-17	91.04	64.94	11.97	25.47	304.8759	2.1278	583307.7198
06PR06	2007-01-18	91.04	71.96	11.98	28.98	347.1804	2.419	446354.1848
06PR06	2007-01-19	87.98	71.06	11.98	28.53	341.7894	2.3815	386207.1963
06PR06	2007-01-20	89.96	71.96	12	28.98	347.76	2.415	419696.64
06PR06	2007-01-21	87.98	71.06	12	28.53	342.36	2.3775	387497.7792
06PR06	2007-01-22	91.04	62.06	12.02	24.03	288.8406	1.9992	641036.129
06PR06	2007-01-23	89.06	62.96	12.02	24.48	294.2496	2.0366	573258.0616
06PR06	2007-01-24	89.06	62.96	12.03	24.48	294.4944	2.0349	574212.2988
06PR06	2007-01-25	89.06	66.02	12.05	26.01	313.4205	2.1585	518814.8052
06PR06	2007-01-26	87.98	69.08	12.05	27.54	331.857	2.2855	431024.0379
06PR06	2007-01-27	89.96	71.96	12.07	28.98	349.7886	2.401	424607.3821
06PR06	2007-01-28	87.98	69.08	12.07	27.54	332.4078	2.2817	432456.0104
06PR06	2007-01-29	87.08	69.98	12.08	27.99	338.1192	2.3171	391918.3266
06PR06	2007-01-30	87.98	66.02	12.08	26.01	314.2008	2.1531	493499.7366
06PR06	2007-01-31	87.08	66.92	12.12	26.46	320.6952	2.1832	456054.23
06PR06	2007-02-01	87.08	69.98	12.12	27.99	339.2388	2.3094	394518.1093
06PR06	2007-02-02	87.98	71.06	12.13	28.53	346.0689	2.352	395939.0416
06PR06	2007-02-03	87.08	71.06	12.13	28.53	346.0689	2.352	372757.0344
06PR06	2007-02-04	87.98	69.08	12.17	27.54	335.1618	2.2629	439651.4945
06PR06	2007-02-05	89.96	71.96	12.17	28.98	352.6866	2.3813	431672.2756
06PR06	2007-02-06	89.06	73.04	12.18	29.52	359.5536	2.4236	385247.7431
06PR06	2007-02-07	89.96	69.08	12.2	27.54	335.988	2.2574	494261.204
06PR06	2007-02-08	87.98	62.96	12.2	24.48	298.656	2.0066	562097.0582
06PR06	2007-02-09	89.06	71.06	12.22	28.53	348.6366	2.3347	430388.3413
06PR06	2007-02-10	89.96	71.96	12.23	28.98	354.4254	2.3696	435939.1914
06PR06	2007-02-11	87.98	71.06	12.25	28.53	349.4925	2.329	403811.7048
06PR06	2007-02-12	87.98	62.06	12.25	24.03	294.3675	1.9616	583598.5848
06PR06	2007-02-13	91.94	68	12.28	27	331.56	2.1987	577401.5845
06PR06	2007-02-14	89.96	71.96	12.28	28.98	355.8744	2.3599	439510.9847
06PR06	2007-02-15	87.08	68	12.3	27	332.1	2.1951	447655.9751
06PR06	2007-02-16	89.06	69.98	12.32	27.99	344.8368	2.2719	460581.1429
06PR06	2007-02-17	87.98	71.96	12.33	28.98	357.3234	2.3504	389534.3463
06PR06	2007-02-18	87.98	69.98	12.33	27.99	345.1167	2.2701	432260.7308
07NC07	2007-05-01	87.08	48.02	14.55	18	261.9	1.2371	1117155.363
07NC07	2007-05-02	91.04	55.94	14.58	20.97	305.7426	1.4383	1096681.222
07NC07	2007-05-03	87.98	62.96	14.62	24.48	357.8976	1.6744	807209.745
07NC07	2007-05-04	71.96	51.98	14.63	11.97	175.1211	0.8182	530024.1131
07NC07	2007-05-05	66.92	51.98	14.67	9.45	138.6315	0.6442	382289.7729
07NC07	2007-05-06	69.08	55.94	14.72	12.51	184.1472	0.8499	355951.2151
07NC07	2007-05-07	66.02	44.06	14.75	8.01	118.1475	0.5431	525926.1888
07NC07	2007-05-08	69.08	46.04	14.78	9.54	141.0012	0.6455	579404.8468
07NC07	2007-05-09	68	51.98	14.82	9.99	148.0518	0.6741	422150.9555
07NC07	2007-05-10	80.96	62.06	14.85	21.51	319.4235	1.4485	596089.5183
07NC07	2007-05-11	82.04	57.92	14.88	19.98	297.3024	1.3427	747458.5253
07NC07	2007-05-12	86	60.08	14.92	23.04	343.7568	1.5442	842875.4483
07NC07	2007-05-13	82.94	64.04	14.93	23.49	350.7057	1.5733	619212.4256
07NC07	2007-05-14	69.98	44.96	14.95	9.99	149.3505	0.6682	642748.2213
07NC07	2007-05-15	73.94	46.94	14.98	11.97	179.3106	0.7991	732389.0495
07NC07	2007-05-16	80.06	51.08	15.02	15.57	233.8614	1.0366	857380.1525
07NC07	2007-05-17	82.04	51.08	15.05	16.56	249.228	1.1003	933506.3163
07NC07	2007-05-18	77	53.96	15.08	15.48	233.4384	1.0265	686157.515
07NC07	2007-05-19	71.06	44.06	15.1	10.53	159.003	0.6974	708709.8024
07NC07	2007-05-20	71.96	46.04	15.13	10.98	166.1274	0.7257	700156.0737
07NC07	2007-05-21	82.04	53.06	15.15	17.55	265.8825	1.1584	898626.033
07NC07	2007-05-22	87.08	55.04	15.18	20.52	311.4936	1.3518	1049279.648
07NC07	2007-05-23	78.98	55.04	15.2	17.01	258.552	1.1191	741277.7004
07NC07	2007-05-24	80.06	51.98	15.23	16.02	243.9846	1.0519	860007.8705
07NC07	2007-05-25	80.06	53.06	15.27	16.56	252.8712	1.0845	838079.3641
07NC07	2007-05-26	84.02	53.96	15.27	18.99	289.9773	1.2436	967126.2941
07NC07	2007-05-27	87.08	57.92	15.3	21.96	335.988	1.4353	989779.338
07NC07	2007-05-28	86	57.92	15.32	21.96	336.4272	1.4334	948496.613
07NC07	2007-05-29	86	59	15.35	22.5	345.375	1.4658	922462.0875
07NC07	2007-05-30	91.04	60.98	15.35	23.49	360.5715	1.5303	1076729.133
07NC07	2007-05-31	87.98	57.92	15.38	21.96	337.7448	1.4278	1037425.549
07NC07	2007-06-01	87.08	59	15.4	22.5	346.5	1.461	972812.865
07NC07	2007-06-02	87.08	59	15.4	22.5	346.5	1.461	972812.865
07NC07	2007-06-03	78.98	64.94	15.43	21.96	338.8428	1.4232	481083.1105
07NC07	2007-06-04	77	62.06	15.45	19.53	301.7385	1.2641	495917.9066
07NC07	2007-06-05	87.98	62.96	15.45	24.48	378.216	1.5845	901464.4789
07NC07	2007-06-06	87.08	62.06	15.48	24.03	371.9844	1.5523	894176.716
07NC07	2007-06-07	82.94	60.08	15.5	21.51	333.405	1.3877	785482.2873
07NC07	2007-06-08	89.96	64.94	15.5	25.47	394.785	1.6432	931112.4195
07NC07	2007-06-09	93.92	71.06	15.52	28.53	442.7856	1.8383	908428.9358
07NC07	2007-06-10	89.96	69.98	15.52	27.99	434.4048	1.8035	769725.7393
07NC07	2007-06-11	84.92	60.98	15.53	22.95	356.4135	1.4778	842407.7418
07NC07	2007-06-12	80.06	60.08	15.53	20.07	311.6871	1.2923	675305.8447
07NC07	2007-06-13	84.02	60.98	15.55	22.5	349.875	1.4469	807813.792
07NC07	2007-06-14	80.96	60.08	15.55	20.52	319.086	1.3196	712087.8576
07NC07	2007-06-15	69.98	59	15.55	14.49	225.3195	0.9318	342440.7972
07NC07	2007-06-16	73.94	57.02	15.57	15.48	241.0236	0.9942	537175.5662
07NC07	2007-06-17	80.96	62.96	15.57	21.96	341.9172	1.4104	628016.2489
07NC07	2007-06-18	87.98	60.08	15.57	23.04	358.7328	1.4798	1001426.716
07NC07	2007-06-19	95	62.96	15.58	24.48	381.3984	1.5712	1228498.242
07NC07	2007-06-20	96.08	68	15.58	27	420.66	1.733	1118375.533
07NC07	2007-06-21	80.06	60.98	15.58	20.52	319.7016	1.3171	653214.1386
07NC07	2007-06-22	86	60.98	15.58	23.49	365.9742	1.5077	892648.4497
07NC07	2007-06-23	91.04	62.06	15.57	24.03	374.1471	1.5434	1075600.009
07NC07	2007-06-24	84.92	64.04	15.58	24.48	381.3984	1.5712	754979.3353
07NC07	2007-06-25	87.98	69.98	15.58	27.99	436.0842	1.7965	690167.5514
07NC07	2007-06-26	91.04	64.04	15.57	25.02	389.5614	1.6069	1015071.844
07NC07	2007-06-27	93.02	71.06	15.57	28.53	444.2121	1.8324	873504.6239
07NC07	2007-06-28	89.96	71.06	15.57	28.53	444.2121	1.8324	737766.3648
07NC07	2007-06-29	93.02	73.04	15.55	29.52	459.036	1.8984	802271.3885
07NC07	2007-06-30	89.96	69.98	15.55	27.99	435.2445	1.8	772704.3592
07NC07	2007-07-01	87.98	68	15.53	27	419.31	1.7386	751635.5477
07NC07	2007-07-02	84.92	60.98	15.53	22.95	356.4135	1.4778	842407.7418
07NC07	2007-07-03	84.92	60.98	15.5	22.95	355.725	1.4806	839156.2515
07NC07	2007-07-04	82.94	60.08	15.5	21.51	333.405	1.3877	785482.2873
07NC07	2007-07-05	84.92	62.96	15.48	23.94	370.5912	1.5465	778186.4964
07NC07	2007-07-06	89.06	64.94	15.48	25.47	394.2756	1.6453	890102.3282
07NC07	2007-07-07	91.94	64.94	15.47	25.47	394.0209	1.6464	1013705.895
07NC07	2007-07-08	93.92	64.94	15.45	25.47	393.5115	1.6485	1098929.69
07NC07	2007-07-09	91.04	69.08	15.43	27.54	424.9422	1.7848	837162.506
07NC07	2007-07-10	93.92	71.06	15.42	28.53	439.9326	1.8502	896760.0918
07NC07	2007-07-11	93.02	69.98	15.4	27.99	431.046	1.8175	890659.1232
07NC07	2007-07-12	93.02	71.06	15.38	28.53	438.7914	1.855	852316.0251
07NC07	2007-07-13	87.98	66.92	15.35	26.46	406.161	1.7238	768646.3058
07NC07	2007-07-14	80.96	60.98	15.35	20.97	321.8895	1.3661	668216.2678
07NC07	2007-07-15	86	64.94	15.32	25.47	390.2004	1.6625	746071.1442
07NC07	2007-07-16	87.08	69.98	15.3	27.99	428.247	1.8294	628701.5993
07NC07	2007-07-17	89.06	69.08	15.27	27.54	420.5358	1.8035	736741.7689
07NC07	2007-07-18	93.92	69.98	15.27	27.99	427.4073	1.833	914915.8971
07NC07	2007-07-19	89.96	69.98	15.23	27.99	426.2877	1.8378	741228.9656
07NC07	2007-07-20	93.92	69.98	15.2	27.99	425.448	1.8414	906546.8966
07NC07	2007-07-21	84.92	64.94	15.18	24.93	378.4374	1.6423	689961.3373
07NC07	2007-07-22	82.94	57.02	15.17	19.98	303.0966	1.3171	834853.1547
07NC07	2007-07-23	84.02	59	15.13	21.51	325.4463	1.4217	819147.1699
07NC07	2007-07-24	84.92	60.98	15.1	22.95	346.545	1.5199	796403.8165
07NC07	2007-07-25	87.08	62.96	15.08	24.48	369.1584	1.6233	822975.7569
07NC07	2007-07-26	87.08	64.94	15.05	25.47	383.3235	1.6924	762344.6285
07NC07	2007-07-27	89.06	66.92	15.03	26.46	397.6938	1.7605	780125.5355
07NC07	2007-07-28	91.04	66.92	15	26.46	396.9	1.764	857248.92
07NC07	2007-07-29	89.96	66.02	14.97	26.01	389.3697	1.7375	836828.8857
07NC07	2007-07-30	89.96	71.06	14.93	28.53	425.9529	1.9109	678361.5783
07NC07	2007-07-31	87.08	69.98	14.9	27.99	417.051	1.8785	596258.0293
07NC07	2007-08-01	89.06	66.92	14.87	26.46	393.4602	1.7794	763604.4833
07NC07	2007-08-02	91.04	68	14.85	27	400.95	1.8182	808056.5391
07NC07	2007-08-03	91.94	66.92	14.82	26.46	392.1372	1.7854	872967.8927
07NC07	2007-08-04	91.94	69.08	14.78	27.54	407.0412	1.8633	804090.4729
07NC07	2007-08-05	93.92	69.98	14.75	27.99	412.8525	1.8976	853664.3404
07NC07	2007-08-06	96.98	75.02	14.72	30.51	449.1072	2.0727	818420.3182
07NC07	2007-08-07	96.98	73.94	14.68	29.97	439.9596	2.0416	848647.7616
07NC07	2007-08-08	98.96	73.94	14.65	29.97	439.0605	2.0457	928447.9209
08MO07	2007-05-19	77	44.96	15.42	13.5	208.17	0.8755	929134.6802
08MO07	2007-05-20	80.06	51.98	15.45	16.02	247.509	1.0369	885033.249
08MO07	2007-05-21	82.04	53.96	15.48	18	278.64	1.1628	915119.742
08MO07	2007-05-22	80.06	62.96	15.52	21.51	333.8352	1.386	589082.7668
08MO07	2007-05-23	84.92	64.94	15.53	24.93	387.1629	1.6053	722144.5261
08MO07	2007-05-24	78.98	62.06	15.57	20.52	319.4964	1.3179	578522.0056
08MO07	2007-05-25	68	57.92	15.6	12.96	202.176	0.8308	308890.4233
08MO07	2007-05-26	80.06	62.96	15.62	21.51	335.9862	1.3771	596698.496
08MO07	2007-05-27	80.06	62.06	15.65	21.06	329.589	1.3457	626550.9426
08MO07	2007-05-28	82.94	64.94	15.67	23.94	375.1398	1.5278	653611.884
08MO07	2007-05-29	84.92	64.94	15.68	24.93	390.9024	1.5899	736161.8865
08MO07	2007-05-30	80.06	66.92	15.72	23.49	369.2628	1.4943	477264.0164
08MO07	2007-05-31	80.06	66.02	15.73	23.04	362.4192	1.4647	507475.7724
08MO07	2007-06-01	82.94	64.94	15.77	23.94	377.5338	1.5181	661980.7089
08MO07	2007-06-02	77	62.96	15.77	19.98	315.0846	1.267	488691.0983
08MO07	2007-06-03	73.04	59	15.8	16.02	253.116	1.0139	462793.017
08MO07	2007-06-04	80.96	60.08	15.82	20.52	324.6264	1.2971	737030.9949
08MO07	2007-06-05	78.98	57.92	15.82	18.45	291.879	1.1662	721563.8603
08MO07	2007-06-06	89.06	57.92	15.85	21.96	348.066	1.3855	1149834.63
08MO07	2007-06-07	87.08	75.02	15.87	30.51	484.1937	1.9225	492361.6021
08MO07	2007-06-08	78.98	55.94	15.87	17.46	277.0902	1.1002	782911.4791
08MO07	2007-06-09	80.06	55.04	15.88	17.55	278.694	1.1052	852400.4112
08MO07	2007-06-10	73.04	64.94	15.9	18.99	301.941	1.1943	282550.0628
08MO07	2007-06-11	82.94	64.94	15.92	23.94	381.1248	1.5038	674633.7654
08MO07	2007-06-12	84.92	66.02	15.92	25.47	405.4824	1.5999	723023.2727
08MO07	2007-06-13	84.92	62.96	15.93	23.94	381.3642	1.5028	824087.5049
08MO07	2007-06-14	87.08	62.06	15.93	24.03	382.7979	1.5085	946919.3596
08MO07	2007-06-15	91.04	66.92	15.95	26.46	422.037	1.6589	969272.3039
08MO07	2007-06-16	91.94	66.02	15.95	26.01	414.8595	1.6307	1041606.058
08MO07	2007-06-17	89.06	69.08	15.97	27.54	439.8138	1.7245	805836.7152
08MO07	2007-06-18	82.94	69.08	15.97	26.01	415.3797	1.6287	537370.4622
08MO07	2007-06-19	86	66.92	15.97	26.46	422.5662	1.6569	744136.3025
08MO07	2007-06-20	78.98	62.06	15.97	20.52	327.7044	1.2849	608628.7876
08MO07	2007-06-21	89.96	62.96	15.97	24.48	390.9456	1.5329	1053023.07
08MO07	2007-06-22	89.06	69.08	15.97	27.54	439.8138	1.7245	805836.7152
08MO07	2007-06-23	82.94	66.92	15.97	24.93	398.1321	1.5611	612291.277
08MO07	2007-06-24	89.06	68	15.97	27	431.19	1.6907	843594.6023
08MO07	2007-06-25	89.96	68	15.95	27	430.65	1.6928	882471.799
08MO07	2007-06-26	91.94	71.06	15.95	28.53	455.0535	1.7887	865843.6446
08MO07	2007-06-27	87.98	68	15.95	27	430.65	1.6928	792840.405
08MO07	2007-06-28	78.98	66.92	15.93	22.95	365.5935	1.4407	446513.0449
08MO07	2007-06-29	71.06	64.04	15.93	17.55	279.5715	1.1017	240671.1387
08MO07	2007-06-30	68	62.96	15.92	15.48	246.4416	0.9724	167284.3563
08MO07	2007-07-01	78.98	64.94	15.92	21.96	349.6032	1.3794	512123.1227
08MO07	2007-07-02	82.94	60.98	15.9	21.96	349.164	1.3811	799001.7578
08MO07	2007-07-03	84.92	62.06	15.9	23.49	373.491	1.4774	849432.1955
08MO07	2007-07-04	89.06	69.98	15.87	27.99	444.2013	1.7637	764255.5319
08MO07	2007-07-05	89.96	68	15.87	27	428.49	1.7013	873641.6177
08MO07	2007-07-06	89.96	66.92	15.85	26.46	419.391	1.6694	908047.5448
08MO07	2007-07-07	89.06	68	15.83	27	427.41	1.7056	828868.7949
08MO07	2007-07-08	89.96	66.92	15.82	26.46	418.5972	1.6726	904613.3939
08MO07	2007-07-09	91.04	71.96	15.8	28.98	457.884	1.8342	776390.3856
08MO07	2007-07-10	86	69.08	15.77	27.54	434.3058	1.7464	652558.6302
08MO07	2007-07-11	80.06	62.06	15.77	21.06	332.1162	1.3354	636196.2291
08MO07	2007-07-12	82.94	64.94	15.73	23.94	376.5762	1.5219	658626.7905
08MO07	2007-07-13	84.02	64.04	15.72	24.03	377.7516	1.5286	731035.2391
08MO07	2007-07-14	87.98	62.96	15.68	24.48	383.8464	1.5612	928503.9758
08MO07	2007-07-15	89.06	68	15.67	27	423.09	1.723	812198.0695
08MO07	2007-07-16	91.04	66.92	15.65	26.46	414.099	1.6907	933153.5494
08MO07	2007-07-17	89.96	71.96	15.62	28.98	452.6676	1.8553	711107.1729
08MO07	2007-07-18	91.94	73.04	15.6	29.52	460.512	1.8923	758826.1699
08MO07	2007-07-19	84.02	66.92	15.57	25.47	396.5679	1.6358	625716.6063
08MO07	2007-07-20	80.96	64.04	15.53	22.5	349.425	1.4488	591713.2201
08MO07	2007-07-21	80.96	59	15.5	19.98	309.69	1.289	738413.5644
08MO07	2007-07-22	82.04	57.92	15.48	19.98	309.2904	1.2907	808952.7393
08MO07	2007-07-23	84.02	57.02	15.47	20.52	317.4444	1.3264	911353.1329
08MO07	2007-07-24	87.08	62.06	15.43	24.03	370.7829	1.5574	888409.7093
08MO07	2007-07-25	87.98	64.04	15.4	25.02	385.308	1.6247	863110.333
08MO07	2007-07-26	89.06	66.02	15.37	26.01	399.7737	1.6923	844084.6491
08MO07	2007-07-27	93.92	75.02	15.33	30.51	467.7183	1.9902	750375.4274
08MO07	2007-07-28	89.96	71.06	15.3	28.53	436.509	1.8647	712400.947
08MO07	2007-07-29	87.08	69.08	15.27	27.54	420.5358	1.8035	655421.0412
08MO07	2007-07-30	87.08	68	15.23	27	411.21	1.7728	686331.5594
08MO07	2007-07-31	89.96	66.02	15.2	26.01	395.352	1.7112	862740.6036
08MO07	2007-08-01	93.02	66.92	15.17	26.46	401.3982	1.7442	960657.9045
08MO07	2007-08-02	93.92	69.08	15.13	27.54	416.6802	1.8202	926866.2147
08MO07	2007-08-03	93.02	73.04	15.1	29.52	445.752	1.955	756509.5452
08MO07	2007-08-04	96.08	71.06	15.05	28.53	429.3765	1.8957	947197.8488
08MO07	2007-08-05	96.08	75.92	15.02	30.96	465.0192	2.0613	782273.899
08MO07	2007-08-06	98.96	77	14.98	31.5	471.87	2.1028	867101.4567
08MO07	2007-08-07	100.04	77	14.95	31.5	470.925	2.107	911667.0551
08MO07	2007-08-08	98.96	73.94	14.92	29.97	447.1524	2.0087	962985.9369
08MO07	2007-08-09	96.08	69.08	14.87	27.54	409.5198	1.8521	986031.0145
08MO07	2007-08-10	98.96	69.08	14.83	27.54	408.4182	1.857	1104270.748
08MO07	2007-08-11	102.92	71.96	14.8	28.98	428.904	1.9581	1185944.943
08MO07	2007-08-12	102.02	73.94	14.75	29.97	442.0575	2.0319	1074966.914
08MO07	2007-08-13	96.98	69.08	14.72	27.54	405.3888	1.8709	1003887.061
08MO07	2007-08-14	104	71.06	14.68	28.53	418.8204	1.9435	1242689.504
08MO07	2007-08-15	105.08	73.94	14.63	29.97	438.4611	2.0485	1193187.825
08MO07	2007-08-16	102.92	71.96	14.6	28.98	423.108	1.9849	1154108.948
08MO07	2007-08-17	93.92	71.96	14.57	28.98	422.2386	1.989	773295.4699
08MO07	2007-08-18	95	73.94	14.52	29.97	435.1644	2.064	750108.5046
08MO07	2007-08-19	91.94	73.04	14.48	29.52	427.4496	2.0387	653777.887
08MO07	2007-08-20	87.08	69.98	14.43	27.99	403.8957	1.9397	559235.0278
08MO07	2007-08-21	93.92	75.92	14.4	30.96	445.824	2.15	633924.4032
08MO07	2007-08-22	96.08	71.96	14.35	28.98	415.863	2.0195	834629.5916
08MO07	2007-08-23	96.98	71.96	14.32	28.98	414.9936	2.0237	866773.9112
08MO07	2007-08-24	80.06	69.98	14.27	25.02	357.0354	1.7533	307975.0496
08MO07	2007-08-25	86	64.94	14.23	25.47	362.4381	1.7899	643683.7015
08MO07	2007-08-26	89.06	60.98	14.2	23.49	333.558	1.6542	849534.162
09NY07	2007-05-16	84.02	60.08	15.75	22.05	347.2875	1.4	855754.6016
09NY07	2007-05-17	66.02	42.98	15.78	8.01	126.3978	0.5076	625349.7354
09NY07	2007-05-18	57.02	37.04	15.82	3.51	55.5282	0.2219	470341.6264
09NY07	2007-05-19	55.04	37.04	15.85	2.52	39.942	0.159	416386.2204
09NY07	2007-05-20	69.08	46.94	15.88	9.54	151.4952	0.6008	647756.0439
09NY07	2007-05-21	59	39.02	15.92	4.5	71.64	0.2827	496359.4662
09NY07	2007-05-22	64.04	39.02	15.95	7.02	111.969	0.4401	655992.4157
09NY07	2007-05-23	73.94	44.06	15.98	11.97	191.2806	0.7491	900359.9127
09NY07	2007-05-24	86	60.98	16.02	23.49	376.3098	1.4663	943779.5699
09NY07	2007-05-25	89.06	69.08	16.07	27.54	442.5678	1.7138	815960.1928
09NY07	2007-05-26	87.08	60.08	16.1	23.04	370.944	1.4311	1029924.277
09NY07	2007-05-27	75.92	60.08	16.12	18	290.16	1.1166	559788.7427
09NY07	2007-05-28	80.96	57.92	16.13	19.44	313.5672	1.2052	832512.7958
09NY07	2007-05-29	75.02	46.94	16.17	12.51	202.2867	0.7737	895436.017
09NY07	2007-05-30	73.94	50	16.2	11.97	193.914	0.7389	778691.9176
09NY07	2007-05-31	86	57.02	16.22	21.51	348.8922	1.3261	1090427.648
09NY07	2007-06-01	89.96	64.04	16.25	25.02	406.575	1.5397	1054053
09NY07	2007-06-02	82.94	66.92	16.27	24.93	405.6111	1.5323	635511.4006
09NY07	2007-06-03	87.98	66.02	16.3	26.01	423.963	1.5957	898521.0696
09NY07	2007-06-04	82.04	62.06	16.32	22.05	359.856	1.3511	766831.198
09NY07	2007-06-05	73.04	62.96	16.33	18	293.94	1.1023	365571.0616
09NY07	2007-06-06	71.96	41	16.35	10.98	179.523	0.6716	934891.3676
09NY07	2007-06-07	60.98	46.04	16.38	5.49	89.9262	0.3352	428986.2171
09NY07	2007-06-08	80.96	50	16.4	15.48	253.872	0.9439	1090504.13
09NY07	2007-06-09	91.04	53.96	16.4	19.98	327.672	1.2183	1446090.336
09NY07	2007-06-10	71.06	51.08	16.43	11.07	181.8801	0.6738	658761.9803
09NY07	2007-06-11	75.92	53.06	16.43	14.49	238.0707	0.8819	795927.8946
09NY07	2007-06-12	80.06	57.02	16.45	18.54	304.983	1.1271	854650.1537
09NY07	2007-06-13	86	60.98	16.47	23.49	386.8803	1.4262	997545.5756
09NY07	2007-06-14	87.08	57.92	16.47	21.96	361.6812	1.3333	1146945.337
09NY07	2007-06-15	78.98	55.04	16.47	17.01	280.1547	1.0328	870323.9965
09NY07	2007-06-16	80.96	57.02	16.48	18.99	312.9552	1.1523	897128.5988
09NY07	2007-06-17	82.94	64.04	16.48	23.49	387.1152	1.4254	754456.9471
09NY07	2007-06-18	84.02	60.98	16.5	22.5	371.25	1.3636	909532.8
09NY07	2007-06-19	89.06	66.02	16.5	26.01	429.165	1.5764	972761.0112
09NY07	2007-06-20	87.98	57.92	16.5	21.96	362.34	1.3309	1194021.527
09NY07	2007-06-21	69.98	53.06	16.5	11.52	190.08	0.6982	566780.0688
09NY07	2007-06-22	77	55.94	16.5	16.47	271.755	0.9982	762222.7899
09NY07	2007-06-23	66.92	48.02	16.5	8.46	139.59	0.5127	591426.6435
09NY07	2007-06-24	68	51.08	16.5	9.54	157.41	0.5782	548538.4476
09NY07	2007-06-25	82.94	59	16.5	20.97	346.005	1.2709	925117.3701
09NY07	2007-06-26	89.06	66.02	16.48	26.01	428.6448	1.5783	970404.2319
09NY07	2007-06-27	95	71.06	16.48	28.53	470.1744	1.7312	1079701.226
09NY07	2007-06-28	89.96	71.06	16.47	28.53	469.8891	1.7322	825522.3292
09NY07	2007-06-29	82.04	57.92	16.47	19.98	329.0706	1.2131	915732.0946
09NY07	2007-06-30	73.94	51.08	16.45	12.51	205.7895	0.7605	773370.3632
09NY07	2007-07-01	75.02	48.92	16.43	12.51	205.5393	0.7614	873226.9406
09NY07	2007-07-02	66.02	46.94	16.42	8.01	131.5242	0.4878	581097.9718
09NY07	2007-07-03	71.06	50	16.42	10.53	172.9026	0.6413	687393.3747
09NY07	2007-07-04	80.06	55.94	16.4	18	295.2	1.0976	882274.8672
09NY07	2007-07-05	66.92	60.98	16.37	13.95	228.3615	0.8522	203589.0183
09NY07	2007-07-06	77	59	16.37	18	294.66	1.0996	656007.4512
09NY07	2007-07-07	80.06	59	16.35	19.53	319.3155	1.1945	782881.6359
09NY07	2007-07-08	82.94	64.94	16.32	23.94	390.7008	1.4669	708960.854
09NY07	2007-07-09	84.92	71.96	16.3	28.44	463.572	1.7448	540191.5557
09NY07	2007-07-10	95	71.06	16.28	28.53	464.4684	1.7525	1053653.904
09NY07	2007-07-11	91.94	73.04	16.25	29.52	479.7	1.8166	823379.0906
09NY07	2007-07-12	80.96	53.96	16.23	17.46	283.3758	1.0758	959571.0486
09NY07	2007-07-13	78.98	57.92	16.2	18.45	298.89	1.1389	756644.4382
09NY07	2007-07-14	75.92	53.96	16.17	14.94	241.5798	0.9239	745752.3929
09NY07	2007-07-15	80.06	62.06	16.15	21.06	340.119	1.304	667225.6866
09NY07	2007-07-16	75.92	55.04	16.12	15.48	249.5376	0.9603	710557.5128
09NY07	2007-07-17	82.04	59	16.08	20.52	329.9616	1.2761	840227.4445
09NY07	2007-07-18	82.94	62.96	16.05	22.95	368.3475	1.4299	750932.4109
09NY07	2007-07-19	77	64.94	16.03	20.97	336.1491	1.3082	439864.7436
09NY07	2007-07-20	73.04	60.08	16	16.56	264.96	1.035	441660.2112
09NY07	2007-07-21	69.08	51.98	15.97	10.53	168.1641	0.6594	527966.7982
09NY07	2007-07-22	75.92	51.98	15.93	13.95	222.2235	0.8757	777009.3452
09NY07	2007-07-23	77	55.04	15.9	16.02	254.718	1.0075	733047.4715
09NY07	2007-07-24	71.96	57.92	15.87	14.94	237.0978	0.9414	459264.8854
09NY07	2007-07-25	75.02	57.92	15.83	16.47	260.7201	1.0404	569657.2311
09NY07	2007-07-26	80.96	64.94	15.8	22.95	362.61	1.4525	583488.0655
09NY07	2007-07-27	84.02	68	15.75	26.01	409.6575	1.6514	604121.5892
09NY07	2007-07-28	78.98	62.96	15.72	20.97	329.6484	1.334	561917.2908
09NY07	2007-07-29	80.96	64.94	15.68	22.95	359.856	1.4636	574658.613
09NY07	2007-07-30	80.96	60.08	15.65	20.52	321.138	1.3112	721275.9931
09NY07	2007-07-31	82.04	59	15.6	20.52	320.112	1.3154	790813.311
09NY07	2007-08-01	87.98	62.96	15.55	24.48	380.664	1.5743	913171.6871
09NY07	2007-08-02	91.94	66.92	15.52	26.46	410.6592	1.7049	957382.087
09NY07	2007-08-03	93.92	69.08	15.48	27.54	426.3192	1.7791	970244.3192
09NY07	2007-08-04	89.96	60.98	15.43	23.49	362.4507	1.5224	1041440.779
09NY07	2007-08-05	82.94	55.94	15.4	19.44	299.376	1.2623	889293.0816
09NY07	2007-08-06	86	62.96	15.35	24.48	375.768	1.5948	808665.4679
09NY07	2007-08-07	87.98	66.92	15.3	26.46	404.838	1.7294	763646.9935
09NY07	2007-08-08	82.94	68	15.27	25.47	388.9269	1.668	525815.0558
09NY07	2007-08-09	84.92	62.06	15.22	23.49	357.5178	1.5434	778330.0067
09NY07	2007-08-10	80.06	64.04	15.18	22.05	334.719	1.4526	531949.0476
09NY07	2007-08-11	71.96	59	15.13	15.48	234.2124	1.0231	388527.2856
09NY07	2007-08-12	82.94	60.98	15.08	21.96	331.1568	1.4562	718714.1068
09NY07	2007-08-13	87.08	66.02	15.03	26.01	390.9303	1.7305	728369.1093
09NY07	2007-08-14	78.08	53.06	15	15.57	233.55	1.038	738252.63
09NY07	2007-08-15	78.98	55.04	14.95	17.01	254.2995	1.1378	717094.0929
09NY07	2007-08-16	82.04	62.96	14.92	22.5	335.7	1.508	615862.8662
09NY07	2007-08-17	89.96	55.04	14.85	20.52	304.722	1.3818	1116593.627
09NY07	2007-08-18	80.06	53.06	14.8	16.56	245.088	1.1189	787282.3296
09NY07	2007-08-19	69.98	51.08	14.77	10.53	155.5281	0.7129	499141.2524
09NY07	2007-08-20	75.92	55.04	14.72	15.48	227.8656	1.0516	592495.1242
09NY07	2007-08-21	66.02	55.94	14.68	10.98	161.1864	0.748	264929.3409
09NY07	2007-08-22	62.96	57.92	14.63	10.44	152.7372	0.7136	130398.8136
09NY07	2007-08-23	71.06	57.92	14.57	14.49	211.1193	0.9945	359779.8541
10IL07	2007-05-18	71.96	37.94	15.52	10.98	170.4096	0.7075	900565.7698
10IL07	2007-05-19	78.98	42.98	15.55	14.49	225.3195	0.9318	1061648.384
10IL07	2007-05-20	84.02	53.06	15.58	18.54	288.8532	1.19	1030172.505
10IL07	2007-05-21	84.92	51.98	15.62	18.45	288.189	1.1812	1100244.236
10IL07	2007-05-22	87.98	55.04	15.65	20.52	321.138	1.3112	1153849.197
10IL07	2007-05-23	89.96	57.92	15.67	21.96	344.1132	1.4014	1163429.154
10IL07	2007-05-24	89.06	57.92	15.7	21.96	344.772	1.3987	1128174.18
10IL07	2007-05-25	77	60.08	15.73	18.54	291.6342	1.1786	573894.2847
10IL07	2007-05-26	82.04	62.06	15.77	22.05	347.7285	1.3982	716016.2049
10IL07	2007-05-27	77	62.96	15.78	19.98	315.2844	1.2662	489311.0679
10IL07	2007-05-28	80.96	62.96	15.82	21.96	347.4072	1.3881	648345.6685
10IL07	2007-05-29	89.06	64.04	15.83	25.02	396.0666	1.5805	959896.318
10IL07	2007-05-30	87.98	64.04	15.85	25.02	396.567	1.5785	914288.8161
10IL07	2007-05-31	78.98	64.94	15.88	21.96	348.7248	1.3829	509552.8727
10IL07	2007-06-01	87.98	60.98	15.9	23.49	373.491	1.4774	1016781.595
10IL07	2007-06-02	84.92	64.94	15.93	24.93	397.1349	1.565	759823.5741
10IL07	2007-06-03	78.98	62.06	15.93	20.52	326.8836	1.2881	605583.7453
10IL07	2007-06-04	75.02	59	15.97	17.01	271.6497	1.0651	547572.9143
10IL07	2007-06-05	75.02	53.06	15.98	14.04	224.3592	0.8786	718236.0583
10IL07	2007-06-06	84.02	48.92	16	17.01	272.16	1.0631	1194545.664
10IL07	2007-06-07	91.94	69.08	16.02	27.54	441.1908	1.7191	944672.0626
10IL07	2007-06-08	80.06	64.04	16.03	22.05	353.4615	1.3755	593189.6124
10IL07	2007-06-09	80.96	53.96	16.03	17.46	279.8838	1.0892	936067.445
10IL07	2007-06-10	82.04	55.04	16.05	18.54	297.567	1.1551	953428.0689
10IL07	2007-06-11	87.98	59	16.07	22.5	361.575	1.4001	1099989.09
10IL07	2007-06-12	87.98	62.06	16.08	24.03	386.4024	1.4944	1005574.245
10IL07	2007-06-13	89.96	64.94	16.1	25.47	410.067	1.582	1004593.758
10IL07	2007-06-14	93.02	68	16.1	27	434.7	1.677	1044284.615
10IL07	2007-06-15	91.94	66.02	16.1	26.01	418.761	1.6155	1061289.517
10IL07	2007-06-16	93.92	66.02	16.12	26.01	419.2812	1.6135	1159555.045
10IL07	2007-06-17	93.92	69.98	16.12	27.99	451.1988	1.7364	1019607.86
10IL07	2007-06-18	87.98	64.94	16.12	25.47	410.5764	1.58	915538.9789
10IL07	2007-06-19	84.02	68	16.12	26.01	419.2812	1.6135	632839.1155
10IL07	2007-06-20	84.92	60.08	16.12	22.5	362.7	1.3958	935943.5779
10IL07	2007-06-21	89.96	57.02	16.12	21.51	346.7412	1.3344	1258090.587
10IL07	2007-06-22	78.98	62.06	16.12	20.52	330.7824	1.273	620115.7086
10IL07	2007-06-23	73.94	64.04	16.13	18.99	306.3087	1.1773	355402.1658
10IL07	2007-06-24	82.04	66.92	16.12	24.48	394.6176	1.5186	585263.6207
10IL07	2007-06-25	84.92	66.02	16.12	25.47	410.5764	1.58	741303.7973
10IL07	2007-06-26	86	69.08	16.12	27.54	443.9448	1.7084	681845.8884
10IL07	2007-06-27	87.08	69.98	16.1	27.99	450.639	1.7385	696167.0365
10IL07	2007-06-28	75.92	62.06	16.1	18.99	305.739	1.1795	495713.9298
10IL07	2007-06-29	75.92	57.92	16.08	16.92	272.0736	1.0522	622917.4856
10IL07	2007-06-30	80.96	60.08	16.08	20.52	329.9616	1.2761	761456.1216
10IL07	2007-07-01	80.96	60.98	16.07	20.97	336.9879	1.3049	732372.5165
10IL07	2007-07-02	78.08	55.94	16.05	17.01	273.0105	1.0598	764358.8593
10IL07	2007-07-03	82.04	55.94	16.03	18.99	304.4097	1.1847	925387.636
10IL07	2007-07-04	86	66.02	16.03	26.01	416.9403	1.6226	780482.6564
10IL07	2007-07-05	87.08	69.08	16.02	27.54	441.1908	1.7191	721385.3676
10IL07	2007-07-06	87.98	64.94	16	25.47	407.52	1.5919	901958.8608
10IL07	2007-07-07	87.08	64.04	15.98	25.02	399.8196	1.5657	889115.0664
10IL07	2007-07-08	89.06	68	15.97	27	431.19	1.6907	843594.6023
10IL07	2007-07-09	89.06	66.92	15.93	26.46	421.5078	1.661	876350.9951
10IL07	2007-07-10	86	69.08	15.93	27.54	438.7122	1.7288	665867.3229
10IL07	2007-07-11	78.08	60.98	15.9	19.53	310.527	1.2283	601163.4721
10IL07	2007-07-12	82.04	57.92	15.88	19.98	317.2824	1.2582	851299.2161
10IL07	2007-07-13	80.96	60.08	15.85	20.52	325.242	1.2946	739828.9588
10IL07	2007-07-14	84.92	57.02	15.83	20.97	331.9551	1.3247	992363.6182
10IL07	2007-07-15	80.96	62.06	15.82	21.51	340.2882	1.3597	676505.8184
10IL07	2007-07-16	84.92	57.02	15.78	20.97	330.9066	1.3289	986104.6391
10IL07	2007-07-17	80.06	64.94	15.75	22.5	354.375	1.4286	543852.225
10IL07	2007-07-18	86	66.02	15.73	26.01	409.1373	1.6535	751542.6942
10IL07	2007-07-19	82.04	62.06	15.7	22.05	346.185	1.4045	709673.7958
10IL07	2007-07-20	75.92	57.92	15.67	16.92	265.1364	1.0798	591556.766
10IL07	2007-07-21	78.08	59	15.63	18.54	289.7802	1.1862	638955.2195
10IL07	2007-07-22	78.08	57.92	15.62	18	281.16	1.1524	668946.6685
10IL07	2007-07-23	80.96	59	15.6	19.98	311.688	1.2808	747972.2166
10IL07	2007-07-24	82.94	59	15.57	20.97	326.5029	1.3468	823770.3799
10IL07	2007-07-25	84.02	62.96	15.53	23.49	364.7997	1.5126	746551.0684
10IL07	2007-07-26	84.92	62.96	15.5	23.94	371.07	1.5445	780198.6132
10IL07	2007-07-27	78.98	69.08	15.47	24.03	371.7441	1.5533	350795.1393
10IL07	2007-07-28	82.04	68	15.43	25.02	386.0586	1.6215	501540.5079
10IL07	2007-07-29	84.92	66.92	15.4	25.92	399.168	1.6831	648186.7392
10IL07	2007-07-30	84.92	64.04	15.37	24.48	376.2576	1.5927	734764.0393
10IL07	2007-07-31	87.98	66.02	15.32	26.01	398.4732	1.6978	793725.9644
10IL07	2007-08-01	89.96	68	15.28	27	412.56	1.767	809890.2475
10IL07	2007-08-02	89.96	66.02	15.25	26.01	396.6525	1.7056	868425.8641
10IL07	2007-08-03	89.96	71.06	15.22	28.53	434.2266	1.8745	704970.4795
10IL07	2007-08-04	84.92	69.98	15.18	27.45	416.691	1.8083	533268.0427
10IL07	2007-08-05	89.96	71.06	15.13	28.53	431.6589	1.8857	696657.7656
10IL07	2007-08-06	89.06	75.02	15.1	30.51	460.701	2.0205	525262.8064
10IL07	2007-08-07	93.92	75.02	15.05	30.51	459.1755	2.0272	723214.7814
10IL07	2007-08-08	91.04	73.04	15.02	29.52	443.3904	1.9654	666297.2454
10IL07	2007-08-09	91.04	73.04	14.97	29.52	441.9144	1.9719	661868.5621
10IL07	2007-08-10	89.96	69.98	14.93	27.99	417.8907	1.8747	712315.1659
10IL07	2007-08-11	91.04	66.02	14.9	26.01	387.549	1.7456	872419.6428
10IL07	2007-08-12	96.98	68	14.85	27	400.95	1.8182	1054344.623
10IL07	2007-08-13	91.04	66.92	14.82	26.46	392.1372	1.7854	836798.3898
10IL07	2007-08-14	89.06	62.96	14.77	24.48	361.5696	1.6574	865570.0607
10IL07	2007-08-15	87.98	69.98	14.73	27.99	412.2927	1.9002	616914.7071
10IL07	2007-08-16	82.94	69.98	14.68	26.46	388.4328	1.8025	427091.966
10IL07	2007-08-17	84.92	64.04	14.65	24.48	358.632	1.671	667537.0995
10IL07	2007-08-18	78.98	59	14.62	18.99	277.6338	1.2989	589259.1972
10IL07	2007-08-19	87.98	64.94	14.57	25.47	371.0979	1.7481	747938.4632
10IL07	2007-08-20	84.02	71.96	14.53	27.99	406.6947	1.9264	397143.4941
10IL07	2007-08-21	89.06	71.96	14.48	28.98	419.6304	2.0014	577315.2855
10IL07	2007-08-22	93.02	71.06	14.43	28.53	411.6879	1.9771	750275.2934
10IL07	2007-08-23	95	68	14.4	27	388.8	1.875	912591.36
10IL07	2007-08-24	93.92	69.08	14.35	27.54	395.199	1.9192	833763.7287
10IL07	2007-08-25	82.04	66.92	14.32	24.48	350.5536	1.7095	461856.958
11FL07	2007-10-08	89.06	75.02	12.52	30.51	381.9852	2.4369	361103.2631
11FL07	2007-10-09	87.08	75.92	12.5	30.96	387	2.4768	284231.25
11FL07	2007-10-10	87.08	73.94	12.47	29.97	373.7259	2.4034	329009.2396
11FL07	2007-10-11	87.98	73.04	12.45	29.52	367.524	2.3711	372880.0281
11FL07	2007-10-12	87.98	71.06	12.42	28.53	354.3426	2.2971	415097.3085
11FL07	2007-10-13	87.98	71.06	12.4	28.53	353.772	2.3008	413761.5176
11FL07	2007-10-14	84.92	73.94	12.37	29.43	364.0491	2.3791	266904.7468
11FL07	2007-10-15	86	77	12.35	31.5	389.025	2.5506	223750.5075
11FL07	2007-10-16	86	73.94	12.32	29.97	369.2304	2.4326	292769.4893
11FL07	2007-10-17	87.98	71.96	12.3	28.98	356.454	2.3561	387641.1081
11FL07	2007-10-18	89.96	71.96	12.27	28.98	355.5846	2.3619	438795.4602
11FL07	2007-10-19	89.96	73.04	12.25	29.52	361.62	2.4098	413866.3725
11FL07	2007-10-20	91.94	75.02	12.22	30.51	372.8322	2.4967	421847.2347
11FL07	2007-10-21	86	75.02	12.22	30.51	372.8322	2.4967	264012.5515
11FL07	2007-10-22	89.06	75.02	12.18	30.51	371.6118	2.5049	341756.9316
11FL07	2007-10-23	87.98	73.04	12.17	29.52	359.2584	2.4256	356296.5165
11FL07	2007-10-24	87.98	71.96	12.13	28.98	351.5274	2.3891	376999.8741
11FL07	2007-10-25	87.08	69.98	12.12	27.99	339.2388	2.3094	394518.1093
11FL07	2007-10-26	78.98	69.98	12.1	24.48	296.208	2.0231	196283.1024
11FL07	2007-10-27	78.08	71.06	12.08	24.57	296.8056	2.0339	152779.5123
11FL07	2007-10-28	86	71.06	12.05	28.53	343.7865	2.3676	340714.2395
11FL07	2007-10-29	87.08	71.96	12.05	28.98	349.209	2.405	349166.2447
11FL07	2007-10-30	86	73.94	12.02	29.97	360.2394	2.4933	278684.8338
11FL07	2007-10-31	86	73.04	11.98	29.52	353.6496	2.4641	295818.278
11FL07	2007-11-01	84.02	73.94	11.98	28.98	347.1804	2.419	228518.4624
11FL07	2007-11-02	86	73.04	11.95	29.52	352.764	2.4703	294338.5724
11FL07	2007-11-03	84.02	66.92	11.93	25.47	303.8571	2.135	367351.0989
11FL07	2007-11-04	82.04	57.92	11.92	19.98	238.1616	1.6762	479660.2706
11FL07	2007-11-05	78.98	59	11.88	18.99	225.6012	1.5985	389085.0157
11FL07	2007-11-06	80.96	62.06	11.88	21.51	255.5388	1.8106	381497.2917
11FL07	2007-11-07	80.96	60.08	11.85	20.52	243.162	1.7316	413532.3547
11FL07	2007-11-08	80.06	57.02	11.85	18.54	219.699	1.5646	443499.6396
11FL07	2007-11-09	78.98	57.92	11.82	18.45	218.079	1.5609	402806.7764
11FL07	2007-11-10	78.98	60.08	11.8	19.53	230.454	1.6551	365955.3022
11FL07	2007-11-11	80.06	60.98	11.78	20.52	241.7256	1.7419	373431.7592
11FL07	2007-11-12	80.96	60.98	11.77	20.97	246.8169	1.7816	392873.9293
11FL07	2007-11-13	80.96	62.96	11.75	21.96	258.03	1.8689	357659.19
11FL07	2007-11-14	80.96	62.96	11.73	21.96	257.5908	1.8721	356442.663
11FL07	2007-11-15	80.96	64.04	11.72	22.5	263.7	1.9198	336995.0986
11FL07	2007-11-16	82.04	53.06	11.7	17.55	205.335	1.5	535951.4542
11FL07	2007-11-17	71.06	53.96	11.68	12.51	146.1168	1.0711	291649.5365
11FL07	2007-11-18	77	55.04	11.67	16.02	186.9534	1.3728	394893.1165
11FL07	2007-11-19	80.06	60.08	11.65	20.07	233.8155	1.7227	380022.62
11FL07	2007-11-20	80.96	62.06	11.63	21.51	250.1613	1.8495	365609.9507
11FL07	2007-11-21	80.96	62.06	11.62	21.51	249.9462	1.8511	364981.4851
11FL07	2007-11-22	80.96	62.96	11.6	21.96	254.736	1.8931	348585.7536
11FL07	2007-11-23	82.04	60.98	11.6	21.51	249.516	1.8543	405294.8815
11FL07	2007-11-24	84.92	60.98	11.58	22.95	265.761	1.9819	468378.0744
11FL07	2007-11-25	80.06	68	11.57	24.03	278.0271	2.0769	239029.6474
11FL07	2007-11-26	84.02	69.08	11.57	26.55	307.1835	2.2947	306191.0599
11FL07	2007-11-27	80.96	69.08	11.55	25.02	288.981	2.1662	237786.6479
11FL07	2007-11-28	86	66.92	11.53	26.46	305.0838	2.2949	387883.4719
11FL07	2007-11-29	84.02	68	11.52	26.01	299.6352	2.2578	323197.6528
11FL07	2007-11-30	84.02	60.98	11.52	22.5	259.2	1.9531	443358.9043
11FL07	2007-12-01	82.94	60.98	11.5	21.96	252.54	1.9096	417973.9032
11FL07	2007-12-02	84.02	66.02	11.48	25.02	287.2296	2.1794	355928.9691
11FL07	2007-12-03	82.94	64.04	11.48	23.49	269.6652	2.0462	366103.4515
11FL07	2007-12-04	84.92	60.98	11.47	22.95	263.2365	2.0009	459521.9633
11FL07	2007-12-05	80.96	50	11.45	15.48	177.246	1.352	531557.9181
11FL07	2007-12-06	80.06	51.98	11.45	16.02	183.429	1.3991	486086.5367
11FL07	2007-12-07	80.96	64.94	11.45	22.95	262.7775	2.0044	306428.2331
11FL07	2007-12-08	84.02	64.04	11.43	24.03	274.6629	2.1024	386478.8122
11FL07	2007-12-09	82.94	64.04	11.43	23.49	268.4907	2.0551	362921.3419
11FL07	2007-12-10	82.04	62.96	11.42	22.5	256.95	1.9702	360810.0122
11FL07	2007-12-11	82.94	62.96	11.42	22.95	262.089	2.0096	380174.5001
11FL07	2007-12-12	80.96	62.96	11.42	21.96	250.7832	1.9229	337851.5092
11FL07	2007-12-13	82.94	64.04	11.4	23.49	267.786	2.0605	361018.7431
11FL07	2007-12-14	82.94	71.96	11.42	27.45	313.479	2.4037	221812.474
11FL07	2007-12-15	84.02	73.94	11.4	28.98	330.372	2.5421	206927.0945
11FL07	2007-12-16	84.92	71.96	11.38	28.44	323.6472	2.4991	263303.7875
11FL07	2007-12-17	78.98	48.92	11.4	14.49	165.186	1.2711	499653.833
11FL07	2007-12-18	66.02	48.92	11.38	8.01	91.1538	0.7039	254537.5311
11FL07	2007-12-19	75.02	50	11.4	12.51	142.614	1.0974	406514.932
11FL07	2007-12-20	78.08	55.04	11.38	16.56	188.4528	1.4552	397200.9768
11FL07	2007-12-21	78.98	55.94	11.4	17.46	199.044	1.5316	403988.0417
11FL07	2007-12-22	82.04	50	11.38	16.02	182.3076	1.4077	547876.3417
11FL07	2007-12-23	78.08	50	11.4	14.04	160.056	1.2316	467399.3725
11FL07	2007-12-24	82.94	57.92	11.38	20.43	232.4934	1.7953	456414.5844
11FL07	2007-12-25	82.04	60.08	11.4	21.06	240.084	1.8474	405599.3378
11FL07	2007-12-26	82.04	57.92	11.38	19.98	227.3724	1.7557	437185.5121
11FL07	2007-12-27	82.04	59	11.4	20.52	233.928	1.8	422313.0255
11FL07	2007-12-28	84.02	60.98	11.4	22.5	256.5	1.9737	434170.368
11FL07	2007-12-29	82.94	64.94	11.4	23.94	272.916	2.1	345932.7264
11FL07	2007-12-30	84.92	62.96	11.42	23.94	273.3948	2.0963	423520.06
11FL07	2007-12-31	84.02	64.04	11.4	24.03	273.942	2.1079	384452.7144
11FL07	2008-01-01	84.92	64.04	11.42	24.48	279.5616	2.1436	405632.1466
11FL07	2008-01-02	86	46.94	11.43	18	205.74	1.5748	678391.4632
11FL07	2008-01-03	59	33.98	11.43	4.5	51.435	0.3937	303927.0173
11FL07	2008-01-04	60.08	35.06	11.43	5.04	57.6072	0.4409	310987.4858
11FL07	2008-01-05	69.98	50	11.45	9.99	114.3855	0.8725	314278.9654
11FL07	2008-01-06	75.02	55.94	11.45	15.48	177.246	1.352	327588.0193
11FL07	2008-01-07	78.08	55.94	11.47	17.01	195.1047	1.483	390367.8709
11FL07	2008-01-08	78.98	57.92	11.47	18.45	211.6215	1.6085	379305.0726
11FL07	2008-01-09	78.98	57.92	11.47	18.45	211.6215	1.6085	379305.0726
11FL07	2008-01-10	80.06	59	11.48	19.53	224.2044	1.7012	385961.8399
11FL07	2008-01-11	80.06	59	11.5	19.53	224.595	1.6983	387307.8261
11FL07	2008-01-12	80.06	60.08	11.5	20.07	230.805	1.7452	370299.6297
11FL07	2008-01-13	80.96	60.98	11.52	20.97	241.5744	1.8203	376361.5452
11FL07	2008-01-14	84.02	62.96	11.53	23.49	270.8397	2.0373	411505.1023
11FL07	2008-01-15	75.02	51.98	11.55	13.5	155.925	1.1688	390346.3872
