line_code,NEH4,ONH2,TXH1-Late,ARH1,COH1,NEH3,GAH2,GAH1,NYH1,NCH1,TXH2,ARH2,MNH1,MOH1,IAH2,OHH1,MIH1,NYH3,TXH1-Dry,TXH1-Early,NYH2,ILH1,DEH1,IAH4,ONH1,WIH2,IAH1,WIH1,INH1,IAH3
2FACC/3IIH6,NA,NA,NA,90.75,NA,NA,NA,NA,109.7,NA,NA,NA,NA,NA,NA,NA,NA,NA,NA,NA,176.175,NA,NA,NA,NA,NA,NA,NA,NA,NA
6F629/3IIH6,NA,NA,NA,103.66,NA,NA,NA,NA,145.28,NA,NA,149.55,NA,NA,NA,155.42,180.71,NA,NA,NA,203.095,173.79,NA,NA,NA,NA,NA,NA,NA,NA
A632/3IIH6,NA,NA,NA,75.725,NA,NA,NA,NA,128.175,NA,NA,141.515,NA,NA,114.535,175.535,115.035,NA,NA,NA,169.015,183.625,NA,172.13,NA,NA,171.09,NA,180.57,214.95
A634/3IIH6,NA,NA,NA,85.97,NA,NA,NA,NA,115.11,NA,NA,165.415,NA,NA,108.44,88.935,141.555,NA,NA,NA,163.055,188.22,115.97,160.465,NA,NA,151.14,141.27099155,143.415,194.385
A635/3IIH6,NA,NA,NA,115.845,NA,NA,NA,NA,141.455,NA,NA,148.425,NA,89.765,129.355,151.575,149.77,NA,NA,NA,171.755,193.055,134.64,181.44,NA,174.8391467,167.31,179.2811754,181.62,191.84
A679/3IIH6,NA,NA,NA,72.065,NA,NA,NA,NA,124.595,NA,125.565,155.23,NA,154.69,165.53,77.37,186.985,NA,NA,NA,187.13,173.44,175.24,199.285,NA,174.1994962,184.88,200.8581124,215.09,221.265
A680/3IIH6,NA,NA,NA,65.42,NA,NA,NA,NA,141.01,NA,NA,171.32,NA,NA,NA,180.27,NA,NA,NA,NA,176.04,NA,NA,NA,NA,NA,NA,NA,NA,NA
AH83/3IIH6,NA,NA,NA,NA,NA,NA,NA,NA,58.81,NA,NA,NA,NA,NA,NA,NA,NA,NA,NA,NA,NA,NA,NA,NA,NA,NA,NA,NA,NA,NA
B104/3IIH6,NA,NA,NA,76.385,NA,NA,NA,NA,150.675,NA,NA,115.785,NA,NA,213.775,208.94,199.805,NA,NA,NA,203.935,227.685,NA,NA,NA,NA,NA,NA,NA,NA
B109/3IIH6,NA,NA,NA,70.255,NA,NA,NA,NA,191.095,NA,NA,141.395,NA,NA,165.7,191.665,168.675,NA,NA,NA,161.27,177.155,NA,190.575,NA,NA,209.61,NA,199.315,211.805
B110/3IIH6,NA,NA,NA,80.77,NA,NA,NA,NA,173.165,NA,NA,132.675,NA,193.77,201.09,212.3,155.04,NA,NA,NA,197.14,189.94,166.475,230.07,NA,188.71274555,223.365,244.5823453,251.27,245.805
B111/3IIH6,NA,NA,NA,NA,NA,NA,NA,NA,150.985,NA,NA,NA,NA,NA,NA,NA,NA,NA,NA,NA,201.41,NA,NA,NA,NA,NA,NA,NA,NA,NA
B119/3IIH6,NA,NA,NA,138.575,NA,NA,NA,NA,151.11,NA,NA,130.045,NA,NA,NA,178.405,203.45,NA,NA,NA,189.055,NA,NA,NA,NA,NA,NA,NA,NA,NA
B14A/H95,NA,59.855,72.85,79.685,84.7425,NA,164.285,84.45,NA,146.3,164.295,156.795,141.99,171.04,155.23,169.655,147.02,NA,186.57,200.56,NA,178.93,93.31,166.685,193.575,147.0398546,193.965,200.8986999,197.835,246.005
B14A/MO17,44.79,78.43,95.06,76.915,82.445,114.45,144.385,140.74,143.145,166.2,119.83,131.555,192.27,168.285,139.3,182.33,155.315,NA,190.55,204.52,168.38,176.735,142.295,173.455,210.43,254.8159159,206.575,234.6510469,201.65,253.16
B14A/OH43,NA,70.805,108.635,NA,94.9675,NA,94.595,125.635,NA,NA,148.82,NA,169.36,207.055,142.255,NA,NA,NA,179.98,207.49,NA,NA,133.975,177.375,NA,174.0013288,185,230.13721595,180.07,259.1
B37/H95,35.595,48.22,70.905,NA,78.7825,78.59,127.02,97.98,NA,NA,103.09,NA,126.305,146.77,NA,NA,NA,NA,171.765,178.49,NA,NA,173.615,139.01,NA,138.38061835,NA,179.8469315,NA,NA
B37/MO17,NA,NA,99.885,141.925,NA,NA,NA,98.975,102.13,160.32,93.825,118.735,NA,NA,NA,161.29,NA,NA,180.19,193.085,NA,NA,NA,NA,NA,NA,NA,NA,NA,NA
B37/OH43,NA,NA,112.52,NA,NA,NA,81.56,NA,NA,NA,NA,NA,NA,NA,NA,NA,NA,NA,167.24,168.07,NA,NA,NA,NA,NA,NA,NA,NA,NA,NA
B73/3IIH6,NA,NA,NA,76.51,NA,NA,NA,NA,142.82,NA,130.535714285714,126.945,NA,NA,219.47,140.155,185.145,NA,NA,NA,205.205,174.46,NA,NA,NA,NA,207.81,NA,NA,NA
B73/MO17,25.435,84.94,113.925,NA,91.0325,105.505,109.02,113.105,NA,NA,125.16,NA,160.005,151.715,168.55,NA,NA,NA,177.48,188.46,NA,NA,228.115,170.1075,NA,224.34973285,208.065,218.7435545,219.845,212.995
B73/PHM49,37.89,NA,99.33,NA,82.7325,97.085,146.94,132.92,NA,NA,142.99,NA,149.875,178.81,NA,NA,NA,NA,180.97,186.415,NA,NA,NA,179.755,NA,216.85067115,NA,263.22334235,NA,NA
B73/PHN82,50.245,81.545,90.565,96.45,93.0375,110.64,163.545,149.05,157.985,166.195,202.375,144.725,199.405,194.8,195.875,184.485,178.005,NA,201.98,205.335,107.62,175.17,192.03,202.8725,261.24,198.7322485,211.05,271.85010865,234.35,279.185
B73/PHP02,NA,NA,NA,NA,NA,NA,NA,NA,NA,NA,NA,NA,NA,NA,NA,NA,NA,NA,NA,NA,NA,NA,NA,NA,NA,NA,NA,NA,205.47,NA
B73/PHZ51,63.49,72.165,71.875,101.97,82.9025,102.98,162.0525,139.23,110.005,139.87,100.075,138.585,158.205,134.58,156.505,136.93,176.98,NA,167.02,182.405,NA,139.695,177.015,184.89,200.69,183.05409635,195.69,208.882300925,193.88,241.9675
B73/TX6252,NA,61.39,70.14,113.765,105.02,NA,NA,60.065,NA,NA,143.475,NA,NA,NA,179.51,NA,NA,NA,148.975,189.43,NA,NA,159.58,177.88,157.8,NA,179.335,NA,NA,195.41
B84/3IIH6,NA,NA,NA,137.79,NA,NA,NA,NA,128.895,NA,NA,184.08,NA,NA,130.55,149.16,149.215,NA,NA,NA,184.32,209.655,NA,NA,NA,NA,215.745,NA,NA,216.39
B97/PHB47,NA,NA,64.885,NA,NA,NA,112.165,101.13,NA,NA,132.75,NA,NA,174.29,NA,NA,NA,NA,150.08,158.245,NA,NA,NA,NA,NA,NA,NA,NA,NA,NA
BGEM-0005-N/LH195,NA,NA,NA,NA,NA,NA,82.525,NA,NA,NA,NA,NA,132.995,112.85,NA,NA,NA,NA,NA,177.925,NA,NA,NA,166.98,NA,NA,148.24,134.0962113,NA,169.355
BGEM-0040-N/LH195,NA,NA,NA,NA,NA,NA,NA,NA,NA,NA,NA,NA,NA,NA,NA,NA,NA,NA,NA,173.67,NA,NA,NA,NA,NA,NA,NA,NA,NA,NA
BGEM-0063-N/LH195,NA,NA,NA,NA,NA,NA,145.475,NA,NA,127.445,NA,NA,186.695,142.25,150.285,NA,NA,NA,NA,184.195,NA,NA,NA,180.22,NA,NA,214.685,200.85162675,NA,239.84
BGEM-0089-N/LH195,NA,NA,NA,NA,NA,NA,124.11,NA,NA,134.145,NA,NA,115.5,110.76,180.475,NA,NA,NA,NA,132.905,NA,NA,NA,176.305,NA,NA,146.145,159.22689685,NA,170.82
BGEM-0124-N/LH195,NA,NA,NA,NA,NA,NA,119.625,NA,NA,118.6275,NA,NA,119.24,126.386666666667,119.342,NA,NA,NA,NA,169.845,NA,NA,NA,142.618333333333,NA,NA,144.568333333333,158.583006333333,NA,169.085
BGEM-0125-N/LH195,NA,NA,NA,NA,NA,NA,NA,NA,NA,NA,NA,NA,NA,NA,NA,NA,NA,NA,NA,160.385,NA,NA,NA,NA,NA,NA,NA,NA,NA,NA
BGEM-0129-N/LH195,NA,NA,NA,NA,NA,NA,NA,NA,NA,NA,NA,NA,NA,NA,NA,NA,NA,NA,NA,162.38,NA,NA,NA,NA,NA,NA,NA,NA,NA,NA
BGEM-0151-N/LH195,NA,NA,NA,NA,NA,NA,101.215,NA,NA,117.25,NA,NA,133.37,129.35,134.13,NA,NA,NA,NA,144.7,NA,NA,NA,131.84,NA,NA,159.13,171.9367646,NA,191.5
BGEM-0182-N/LH195,NA,NA,NA,NA,NA,NA,131.51,NA,NA,NA,NA,NA,124.27,139.79,142,NA,NA,NA,NA,188.525,NA,NA,NA,180.855,NA,NA,190.29,156.6521855,NA,239.86
BGEM-0202-N/LH195,NA,NA,NA,NA,NA,NA,149.505,NA,NA,133.755,NA,NA,110.53,143.67,181.14,NA,NA,NA,NA,172.665,NA,NA,NA,195.07,NA,NA,195.905,176.5806847,NA,211.06
BGEM-0203-N/LH195,NA,NA,NA,NA,NA,NA,102.95,NA,NA,106.73,NA,NA,95.245,114.065,121.02,NA,NA,NA,NA,158.2,NA,NA,NA,126.655,NA,NA,164.54,170.53741675,NA,122.605
BGEM-0206-N/LH195,NA,NA,NA,NA,NA,NA,143.07,NA,NA,NA,NA,NA,87.755,123.66,NA,NA,NA,NA,NA,153.41,NA,NA,NA,168.445,NA,NA,NA,178.28623795,NA,125.3
BGEM-0207-N/LH195,NA,NA,NA,NA,NA,NA,133.215,NA,NA,124.9,NA,NA,92.62,145.9,NA,NA,NA,NA,NA,154.015,NA,NA,NA,166.63,NA,NA,NA,145.18228655,NA,184.5
BGEM-0211-N/LH195,NA,NA,NA,NA,NA,NA,148.03,NA,NA,NA,NA,NA,107.95,137.21,153.625,NA,NA,NA,NA,182.135,NA,NA,NA,167.415,NA,NA,199.49,158.9312777,NA,205.665
BGEM-0227-N/LH195,NA,NA,NA,NA,NA,NA,113.745,NA,NA,146.33,NA,NA,98.82,175.23,137.93,NA,NA,NA,NA,174.07,NA,NA,NA,154.725,NA,NA,169.715,147.2962671,NA,173.43
BGEM-0235-N/LH195,NA,NA,NA,NA,NA,NA,132.22,NA,NA,150.44,NA,NA,151.475,143.955,201.535,NA,NA,NA,NA,190.96,NA,NA,NA,206.075,NA,NA,227.235,207.6541737,NA,242.975
BGEM-0239-N/LH195,NA,NA,NA,NA,NA,NA,131.41,NA,NA,150.84,NA,NA,170.665,148.77,160.485,NA,NA,NA,NA,155,NA,NA,NA,177.635,NA,NA,179.59,174.4583356,NA,212.555
BGEM-0246-N/LH195,NA,NA,NA,NA,NA,NA,152.05,NA,NA,NA,NA,NA,82.02,149.4,182.42,NA,NA,NA,NA,188.63,NA,NA,NA,176.89,NA,NA,184.305,215.41023375,NA,221.955
BGEM-0256-N/LH195,NA,NA,NA,NA,NA,NA,123.69,NA,NA,NA,NA,NA,99.92,110.005,163.11,NA,NA,NA,NA,171.84,NA,NA,NA,166.14,NA,NA,177.92,134.1954624,NA,210.325
BGEM-0259-N/LH195,NA,NA,NA,NA,NA,NA,133.54,NA,NA,131.64,NA,NA,144.345,117.915,159.79,NA,NA,NA,NA,168.61,NA,NA,NA,171.37,NA,NA,136.79,181.65035505,NA,192.67
BSSSC0_001/3IIH6,NA,NA,NA,85.42,NA,NA,NA,NA,72.1,NA,NA,118.35,NA,NA,146.625,151.435,147.315,NA,NA,NA,158.165,172.53,NA,153.11,NA,NA,169.885,NA,NA,202.985
BSSSC0_002/3IIH6,NA,NA,NA,79.795,NA,NA,NA,NA,128.275,NA,NA,127.6,NA,98.6,111.955,129.835,151.835,NA,NA,NA,154.815,153.01,158.865,129.285,NA,163.6120613,180.09,152.29773375,162.49,191.615
BSSSC0_005/3IIH6,NA,NA,NA,138.91,NA,NA,NA,NA,75.72,NA,NA,NA,NA,NA,NA,NA,NA,NA,NA,NA,109.995,NA,NA,NA,NA,NA,NA,NA,NA,NA
BSSSC0_008/3IIH6,NA,NA,NA,85.775,NA,NA,NA,NA,118.76,NA,NA,NA,NA,NA,NA,NA,NA,NA,NA,NA,146.31,NA,NA,NA,NA,NA,NA,NA,NA,NA
BSSSC0_012/3IIH6,NA,NA,NA,184.48,NA,NA,NA,NA,118.29,NA,NA,137.46,NA,133.545,104.65,145.355,133.78,NA,NA,NA,172.23,210.29,181.935,211.64,NA,180.6124869,188.175,204.11649285,196.635,213.33
BSSSC0_015/3IIH6,NA,NA,NA,61.84,NA,NA,NA,NA,126.1,NA,NA,124.48,NA,154.57,159.03,170.41,164.3,NA,NA,NA,157.34,157.735,159.29,180.295,NA,183.4547409,183.665,173.97295945,199.71,226.565
BSSSC0_017/3IIH6,NA,NA,NA,112.305,NA,NA,NA,NA,88.8,NA,NA,116.32,NA,104.725,127.555,143.4,83.655,NA,NA,NA,175.465,186.87,91.31,142.325,NA,135.70117455,149.67,176.79843445,151.625,192.23
BSSSC0_020/3IIH6,NA,NA,NA,84.095,NA,NA,NA,NA,98.69,NA,NA,125.21,NA,NA,132.625,96.03,135.175,NA,NA,NA,166.53,143.8,129.685,141.655,NA,172.3267811,165.67,170.32288885,161.52,188.62
BSSSC0_024/3IIH6,NA,NA,NA,88.325,NA,NA,NA,NA,109.535,NA,NA,142.815,NA,117.04,120.725,167.63,149.175,NA,NA,NA,156.08,168.315,126.83,143.795,NA,180.2750668,168.285,171.2291196,198.13,186.545
BSSSC0_026/3IIH6,NA,NA,NA,92.695,NA,NA,NA,NA,139.515,NA,NA,137.115,NA,139.925,145.745,150.73,132.56,NA,NA,NA,190.04,195.465,153.8,173.245,NA,179.74521175,193.4,202.7452215,197.175,241.155
BSSSC0_029/3IIH6,NA,NA,NA,106.12,NA,NA,NA,NA,144.55,NA,NA,NA,NA,NA,NA,NA,NA,NA,NA,NA,143.065,NA,NA,NA,NA,NA,NA,NA,NA,NA
BSSSC0_038/3IIH6,NA,NA,NA,120.52,NA,NA,NA,NA,127.505,NA,NA,123.47,NA,NA,NA,89.62,159.31,NA,NA,NA,147.915,134.15,NA,NA,NA,NA,NA,NA,NA,NA
BSSSC0_054/3IIH6,NA,NA,NA,114.865,NA,NA,NA,NA,81.35,NA,NA,148.51,NA,48.575,82.6,79.595,87.215,NA,NA,NA,91.21,145.21,75.045,112.595,NA,62.96236813,85.72,86.26624007,101.435,120.835
BSSSC0_057/3IIH6,NA,NA,NA,119.525,NA,NA,NA,NA,109.005,NA,NA,123.935,NA,NA,NA,NA,NA,NA,NA,NA,184.86,NA,NA,NA,NA,NA,NA,NA,NA,NA
BSSSC0_060/3IIH6,NA,NA,NA,93.64,NA,NA,NA,NA,145.585,NA,NA,NA,NA,NA,NA,NA,NA,NA,NA,NA,182.04,NA,NA,NA,NA,NA,NA,NA,NA,NA
CG102/3IIH6,NA,NA,NA,129.045,NA,NA,NA,NA,153.915,NA,NA,129.965,NA,142.8,159.265,203.615,164.25,NA,NA,NA,204.055,191.03,197.22,192.94,NA,217.60626795,213.71,244.17843705,193.925,228.6
CG106/3IIH6,NA,NA,NA,85,NA,NA,NA,NA,114.32,NA,NA,145.115,NA,NA,NA,103.51,141.175,NA,NA,NA,183.55,161.875,NA,NA,NA,NA,NA,NA,NA,NA
CG118/CGR01,NA,64.7,NA,NA,83.91,NA,NA,NA,76.4,NA,NA,NA,156.64,NA,163.28,NA,143.225,NA,NA,NA,188.96,NA,NA,146.47,213.255,157.436612,NA,168.9265537,NA,NA
CG120/3IIH6,NA,69.73,NA,NA,84.5825,NA,NA,NA,130.495,NA,NA,NA,148.67,NA,156.065,NA,164.36,NA,NA,NA,158.535,NA,NA,156.245,212.46,177.8935017,NA,208.98335125,NA,NA
CG120/LH162,NA,61.16,NA,NA,106.7775,NA,NA,NA,103.285,NA,NA,NA,127.535,NA,135.805,NA,119.605,NA,NA,NA,144.11,NA,NA,130.215,159.75,143.81515765,NA,104.25051479,NA,NA
CG120/LH185,NA,83.12,NA,NA,112.673333333333,NA,NA,NA,111.84,NA,NA,NA,161.92,NA,178.065,NA,201.465,NA,NA,NA,190.645,NA,NA,152.68,190.93,179.3356547,NA,215.7285317,NA,NA
CG120/PHK05,NA,NA,NA,NA,73,NA,NA,NA,NA,NA,NA,NA,125.635,NA,127.165,NA,105.06,NA,NA,NA,NA,NA,NA,113.77,148.975,145.97202705,NA,151.0196881,NA,NA
CG120/PHR25,NA,NA,NA,NA,103.0875,NA,NA,NA,74.86,NA,NA,NA,129.175,NA,156.655,NA,121.13,NA,NA,NA,140.17,NA,NA,133.095,163.605,149.97077345,NA,154.89483095,NA,NA
CG120/PHZ51,NA,56.565,NA,NA,81.0066666666667,NA,NA,NA,72.065,NA,NA,NA,109.77,NA,136.545,NA,117.3,NA,NA,NA,133.365,NA,NA,113.78,113.855,121.7579493,NA,133.53396995,NA,NA
CG123/S8324,NA,78.31,NA,NA,136.8175,NA,NA,NA,106.305,NA,NA,NA,127.82,NA,177.95,NA,167.455,NA,NA,NA,185.045,NA,NA,154.755,199.62,177.23029375,NA,194.73860695,NA,NA
CG124/CG120,NA,65,NA,NA,103.1825,NA,NA,NA,80.845,NA,NA,NA,163.185,NA,137.245,NA,149.26,NA,NA,NA,172.57,NA,NA,149.03,174.18,163.9230786,NA,175.52595395,NA,NA
CG124/LH145,NA,46.82,NA,NA,80.405,NA,NA,NA,113.545,NA,NA,NA,138.02,NA,108.165,NA,113.32,NA,NA,NA,158.305,NA,NA,88.96,117.59,101.3737405,NA,194.7176019,NA,NA
CG124/PHHV4,NA,73.075,NA,NA,91.7925,NA,NA,NA,130.5,NA,NA,NA,154.83,NA,118.84,NA,147.47,NA,NA,NA,191.765,NA,NA,138.755,181.2,188.0291602,NA,221.2483466,NA,NA
CG124/PHRE1,NA,57.235,NA,NA,86.855,NA,NA,NA,143.555,NA,NA,NA,142.545,NA,137.86,NA,149.135,NA,NA,NA,173.185,NA,NA,153.555,182.79,176.70792855,NA,200.86175275,NA,NA
CG124/S8324,NA,73.005,NA,NA,119.0125,NA,NA,NA,113.71,NA,NA,NA,143.915,NA,165.79,NA,163.9,NA,NA,NA,178.425,NA,NA,142.465,195.99,158.7231099,NA,173.30924935,NA,NA
CG44/CGR01,NA,64.91,88.39,111.275,100.545,NA,117.055,30.305,110.125,98.865,121.575,157.375,126.905,137.085,151.065,151.63,133.22,NA,98.8,116.87,178.755,163.54,121.255,158.855,170.09,188.98388675,127.315,206.35989305,160.375,198.23
CG60/LH162,NA,43.19,68.74,43.92,82.49,NA,109.99,21.085,74.0033333333333,70.59,81.655,156.27,117.27,72.61,123.0575,134.86,101.625,NA,91.51,59.085,129.605,197.245,NA,135.53,137.9625,133.9659757,124.035,80.638972945,123.775,147.09
CG60/LH185,NA,57.835,NA,NA,113.0525,NA,NA,NA,86,NA,NA,NA,130.885,NA,159.33,NA,119.66,NA,NA,NA,165.55,NA,NA,140.155,178.95,164.5083753,NA,155.5432684,NA,NA
CG60/LH82,NA,55.395,NA,NA,106.676666666667,NA,NA,NA,127.87,NA,NA,NA,134.19,NA,142.345,NA,130.425,NA,NA,NA,161.655,NA,NA,169.9,141.305,159.3914645,NA,128.27663485,NA,NA
CGR01/LH82,NA,65.2066666666667,NA,NA,127.1,NA,128.18,NA,NA,NA,NA,NA,NA,NA,NA,181.655,NA,128.355,NA,NA,NA,220.25,136.54,NA,151.8625,NA,NA,NA,153.555,NA
CGR03/CG108,NA,61.825,87.98,137.86,101.01,NA,59.96,50.83,132.945,89.725,105.855,163.855,142.85,148.74,134.42,145.355,122.935,NA,144.505,126.855,216.21,165.255,113.065,177.855,203.465,185.60617075,158.075,211.06256045,152.975,196.555
CO258/3IIH6,NA,NA,NA,118.12,NA,NA,NA,NA,148.63,NA,NA,169.98,NA,NA,138.64,154.845,136.045,NA,NA,NA,168.835,153.46,NA,NA,NA,NA,163.31,NA,NA,NA
DKFBHJ/3IIH6,NA,NA,NA,96.925,NA,NA,NA,NA,128.265,NA,NA,129.695,NA,142.575,153.825,154.01,151.76,NA,NA,NA,172.04,177.03,160.465,149.69,NA,165.04676625,161.7,136.68912425,148.525,194.535
F42/H95,NA,NA,91.46,82.87,NA,NA,NA,115.85,165.565,145.9,165.555,142.56,NA,NA,NA,130.28,133.32,NA,162.915,188.975,NA,175.355,NA,NA,173.155,NA,NA,NA,NA,NA
F42/MO17,NA,76.75,112.495,56.395,103.41,NA,151.74,171.835,122.87,164.895,144.95,138.08,170.18,165.075,134.615,178.445,184.93,NA,175.395,201.61,125.695,204.295,188.555,166.83,214.58,233.39392265,219.6,222.578612,181.365,221.25
F42/OH43,NA,NA,80.92,115.85,NA,NA,NA,83.57,136.57,147.085,113.645,157.48,NA,NA,NA,131.39,157.245,NA,179.995,196.885,NA,NA,NA,NA,198.72,NA,NA,NA,NA,NA
FBLA/3IIH6,NA,NA,NA,94.87,NA,NA,NA,NA,140.72,NA,NA,144.38,NA,166.67,136.56,164.375,165.015,NA,NA,NA,144.95,149.415,166.39,130.98,NA,160.70223115,162.42,151.3641378,180.17,181.265
FR19/3IIH6,NA,NA,NA,130.675,NA,NA,NA,NA,109.69,NA,NA,131.15,NA,110.38,132.205,157.87,115.99,NA,NA,NA,145.085,181.455,105.45,149.285,NA,157.2639269,171.88,175.39218255,173.775,175.47
GEMN-0268/3IIH6,36.87,83.45,113.875,66.145,107.7375,137.435,119.39,87.65,103.315,159.79,118.765,129.33,156.09,176.54,170.955,207.64,199.81,NA,148.805,166.81,151.91,147.95,228.38,191.0525,236.57,189.74458835,196.76,217.4334573,239.27,232.955
GEMN-0269/3IIH6,NA,NA,NA,NA,NA,NA,155.21,NA,NA,157.065,NA,NA,157.56,163.005,156.54,NA,NA,NA,NA,192.15,NA,NA,NA,188.005,NA,NA,187.505,217.90109215,NA,202.935
H122W/3IIH6,NA,NA,NA,114.94,NA,NA,NA,NA,120.635,NA,NA,123.615,NA,NA,NA,166.25,NA,NA,NA,NA,169.4,NA,NA,NA,NA,NA,NA,NA,NA,NA
H84/3IIH6,NA,NA,NA,76.06,NA,NA,NA,NA,161.365,NA,NA,137.28,NA,NA,166.515,169.23,160.215,NA,NA,NA,188.525,183.89,192.44,186.545,NA,NA,194.925,NA,217.245,200.175
H91/3IIH6,NA,NA,NA,70.71,NA,NA,NA,NA,127.72,NA,NA,NA,NA,NA,NA,NA,NA,NA,NA,NA,196.52,NA,NA,NA,NA,NA,NA,NA,NA,NA
I159/3IIH6,NA,NA,NA,96.485,NA,NA,NA,NA,112.755,NA,NA,169.785,NA,107.34,111.005,127.445,100.36,NA,NA,NA,187.655,203.515,144.515,169.59,NA,154.52046365,167.91,138.4579438,150.095,192.42
ICI 441/LH123HT,46.465,NA,NA,NA,100.4225,126.065,NA,NA,NA,NA,NA,NA,NA,199.39,225.28,121.665,NA,102.05,NA,NA,NA,207.435,250.335,260.09,NA,203.18904775,245.41,244.40581065,231.07,262.58
ICI 441/LH185,45.71,NA,NA,NA,134.9175,125.405,NA,NA,NA,NA,NA,NA,NA,176.085,205.22,200.94,NA,136.75,NA,NA,NA,195.805,224.7,223.015,NA,225.96938295,237.03,171.1879882,203.895,220.085
ICI 441/LH38,40.01,NA,NA,NA,105.4975,109.275,NA,NA,NA,NA,NA,NA,NA,175.5,197.62,174.63,NA,157.91,NA,NA,NA,172.07,173.02,198.935,NA,194.03631785,215.83,189.22172105,170.59,214.71
ICI 441/LH51,44.45,NA,NA,NA,110.5575,74.56,NA,NA,NA,NA,NA,NA,NA,161.57,154.6,171.895,NA,185.84,NA,NA,NA,212.785,208.86,208.93,NA,195.7788601,208.39,149.77423795,189.51,176.82
ICI 441/LH82,46.96,NA,NA,NA,132.325,147.345,NA,NA,NA,NA,NA,NA,NA,200.385,162.11,202.685,NA,148.965,NA,NA,NA,178.54,168.275,215.975,NA,171.61419865,192.765,200.7985283,170.585,244.615
ICI 441/PHG29,37.89,NA,NA,NA,117.0275,116.61,NA,NA,NA,NA,NA,NA,NA,152.54,169.155,169.09,NA,169.95,NA,NA,NA,162.22,178.25,192.34,NA,187.2001293,165.2,146.26965465,194.865,190.765
ICI 441/PHG47,48.19,NA,NA,NA,115.0725,133.015,NA,NA,NA,NA,NA,NA,NA,183.655,197.245,182.54,NA,164.485,NA,NA,NA,156.63,163.88,196.63,NA,200.93091885,194.145,177.977522,194.92,210.88
ICI 441/PHG83,33.16,NA,NA,NA,57.655,81.01,NA,NA,NA,NA,NA,NA,NA,112.955,156.915,102.695,NA,118.7,NA,NA,NA,199.99,122.025,155.835,NA,127.6562739,138.445,85.669227395,134.645,138.72
ICI 441/PHK56,46.42,NA,NA,NA,106.5425,117.715,NA,NA,NA,NA,NA,NA,NA,183.825,191.695,173.8,NA,198.15,NA,NA,NA,149.65,169.3,217.845,NA,213.90489815,213.215,130.6755647,220.115,200.215
ICI 441/PHN82,56.715,NA,NA,NA,100.2025,170.135,NA,NA,NA,NA,NA,NA,NA,163.69,174.205,129.445,NA,178.95,NA,NA,NA,162.39,180.76,231.605,NA,212.9493766,197.705,214.87016905,210.445,215.6
ICI 441/PHZ51,64.065,NA,NA,NA,118.1025,100.755,NA,NA,NA,NA,NA,NA,NA,182.745,179.795,96.94,NA,181.64,NA,NA,NA,161.13,177.75,205.075,NA,132.1439112,192.165,171.5221027,175.96,195.135
ICI 441/Q381,45.87,NA,NA,NA,106.2825,116.95,NA,NA,NA,NA,NA,NA,NA,137.62,155.795,152.015,NA,182.565,NA,NA,NA,143.385,178.74,182.67,NA,183.02857225,193.6,161.60716485,182.61,196.8
ILL.HY/3IIH6,NA,NA,NA,103.97,NA,NA,NA,NA,83.19,NA,NA,140.78,NA,NA,126.53,147.98,87.92,NA,NA,NA,192.03,178.93,NA,NA,NA,NA,163.93,NA,NA,NA
LAMA2002-58-3-B-B-B-B-B-B-1-B19-B18-B22/LH195,NA,61.735,143.4,144.44,50.6933333333333,NA,NA,126.325,NA,151.32,187.1,NA,NA,NA,199.355,NA,NA,NA,208.925,210.92,NA,NA,203.86,215.97,NA,NA,230.275,NA,NA,252.07
LH123HT/3IIH6,NA,NA,NA,NA,NA,NA,NA,NA,NA,NA,NA,NA,NA,NA,NA,NA,NA,NA,157.245,166.12,NA,NA,NA,NA,NA,NA,NA,NA,NA,NA
LH132/LH51,NA,NA,NA,NA,NA,NA,NA,NA,NA,NA,NA,NA,NA,NA,NA,NA,NA,NA,NA,NA,NA,NA,NA,182.335,NA,NA,NA,NA,NA,NA
LH132/PHP02,NA,NA,NA,NA,NA,NA,NA,NA,NA,NA,NA,NA,NA,NA,NA,NA,NA,NA,NA,NA,NA,NA,NA,NA,NA,NA,NA,NA,180.73,NA
LH145/3IIH6,NA,62.405,NA,66.12,85.2575,NA,NA,NA,117.0775,NA,NA,134.02,123.455,NA,127.3125,95.76,92.8825,NA,NA,NA,178.9325,151.315,NA,158.2225,153.455,135.72008745,130.295,170.5176669,128.65,158.4
LH145/LH162,NA,45.86,NA,NA,76.92,NA,NA,NA,99.95,NA,NA,NA,123.59,NA,123.295,NA,115.72,NA,NA,NA,118.53,NA,NA,143.26,127.48,118.919042705,NA,86.73169908,NA,NA
LH145/PHR25,NA,60.24,NA,NA,86.9475,NA,NA,NA,102.805,NA,NA,NA,128.335,NA,155.72,NA,136.215,NA,NA,NA,161.595,NA,NA,144.095,166.605,154.0723694,NA,179.18556465,NA,NA
LH149/3IIH6,NA,NA,NA,73.255,NA,NA,NA,NA,126.83,NA,NA,137.23,NA,124.23,152.215,155.65,165.97,NA,NA,NA,190.78,174.345,155.925,183.08,NA,156.6628136,163.875,184.48888505,178.255,196.095
LH185/LH145,NA,67.645,NA,NA,139.72,NA,NA,NA,174.245,NA,NA,NA,NA,NA,151.67,NA,181.58,NA,NA,NA,206.745,NA,NA,169.04,221.64,NA,NA,NA,NA,NA
LH185/PHRE1,NA,72,NA,NA,112.32,NA,NA,NA,145.2,NA,NA,NA,137.555,NA,151.86,NA,164.595,NA,NA,NA,151.475,NA,NA,174.37,198.08,137.84356635,NA,204.50111155,NA,NA
LH185/S8324,NA,75.815,NA,NA,138.303333333333,NA,NA,NA,107.08,NA,NA,NA,150.655,NA,181.04,NA,182.925,NA,NA,NA,206.365,NA,NA,165.115,222.435,190.17933475,NA,178.9701581,NA,NA
LH195/3IIH6,NA,NA,NA,116.415,NA,NA,NA,NA,148.215,NA,NA,137.43,NA,NA,NA,177.48,185.81,NA,NA,NA,179.63,NA,NA,NA,NA,NA,NA,NA,NA,NA
LH195/CGR01,NA,73.6,NA,NA,130.245,NA,NA,NA,151.14,NA,NA,NA,197.64,NA,172.36,NA,192.615,NA,NA,NA,163.97,NA,NA,198.24,218.125,199.1564087,NA,205.91175695,NA,NA
LH195/LH123HT,40.51,NA,118.18,125.105,82.53,100.48,NA,168.365,NA,135.875,160.5175,130.96,NA,180.99,211.61,NA,NA,151.03,224.765,203.8,NA,195.41,221.605,249.75,NA,234.7333098,251.8075,242.3252206,210.745,232.7775
LH195/LH185,42.94,NA,111.73,114.89,100.846666666667,77.165,NA,144.07,NA,138.06,158.68,188.685,NA,232.175,181.76,230.2,NA,183.405,173.06,170.27,NA,192.095,231.75,233.125,NA,222.98394295,238.3925,232.0176302,235.28,257.1675
LH195/LH210,NA,NA,123.7,82.19,NA,NA,NA,185.705,NA,187.72,191.535,139.93,NA,NA,NA,NA,NA,NA,208.555,217.845,NA,NA,NA,NA,NA,NA,231.92,NA,NA,248.55
LH195/LH38,56.855,NA,NA,NA,99.1125,110.03,NA,NA,NA,NA,NA,NA,NA,178.3,185.325,149.935,NA,194.965,NA,NA,NA,179.24,179.925,186.255,NA,209.55145055,210.2,179.5598901,204.135,203.32
LH195/LH51,38.87,NA,NA,NA,98.6875,119.785,NA,NA,NA,NA,NA,NA,NA,156.305,151.125,124.95,NA,162.115,NA,NA,NA,165.43,233.73,198.64,NA,202.95468635,221.795,198.2220178,215.145,200.54
LH195/LH82,39.415,NA,93.74,90.91,110.9525,114.915,NA,145.96,NA,133.27,137.48,126.68,NA,150.065,172.26,188.165,169.81,145.7,168.64,178.385,133.935,188.085,153.6,174.0325,129.595,174.24736435,200.725,219.3119886,194.7675,213.1075
LH195/PHG29,39.985,NA,NA,NA,115.77,144.22,NA,NA,NA,NA,NA,NA,NA,138.48,168.32,175.225,NA,175.49,NA,NA,NA,162.475,171.49,197.295,NA,197.3470854,185.17,202.90711115,211.205,224.795
LH195/PHG47,57.02,NA,NA,NA,109.84,147.295,NA,NA,NA,NA,NA,NA,NA,155.165,200.585,89.315,NA,196.44,NA,NA,NA,164.04,149.415,210.26,NA,194.9734704,202.1,181.39846155,214.455,236.735
LH195/PHG83,49.565,NA,NA,NA,64.4833333333333,44.91,NA,NA,NA,NA,NA,NA,NA,95.34,119.385,118.785,NA,125.975,NA,NA,NA,200.07,140.055,156.355,NA,142.85227175,146.05,119.3289763,113.87,149.415
LH195/PHJ65,NA,NA,98.81,128.015,NA,NA,NA,121.84,NA,183.305,210.89,141.925,NA,NA,NA,NA,NA,NA,186.67,211.3,NA,NA,NA,NA,NA,NA,198.48,NA,NA,231.145
LH195/PHK56,61.71,NA,NA,NA,86.1575,136.545,NA,NA,NA,NA,NA,NA,NA,184.155,158.13,186.64,NA,175.535,NA,NA,NA,201.965,180.175,235.075,NA,202.67936095,231.62,225.44915175,217.055,219.445
LH195/PHM49,NA,NA,87.43,85.505,NA,NA,NA,147.505,NA,111.275,150.365,126.665,NA,NA,NA,NA,NA,NA,182.525,184.64,NA,NA,NA,NA,NA,NA,209.32,NA,NA,223.805
LH195/PHN37,NA,72.645,108.64,90.935,113.59,NA,NA,166.225,135.975,165.255,163.305,153.825,159.68,182.3475,148.7575,190.1175,188.81,191.93,180.165,177.335,NA,162.615,184.685,161.94,205.495,203.395583675,204.71,211.692566175,221.9225,203.6775
LH195/PHN47,NA,NA,137.41,133.635,NA,NA,NA,190.975,NA,149.23,177.29,123.19,NA,NA,NA,NA,NA,NA,192.14,210.79,NA,NA,NA,NA,NA,NA,215.1,NA,NA,230.62
LH195/PHN82,57.835,NA,108.4,86.8,94.185,87.405,NA,217.17,NA,163.92,157.99,119.615,NA,143.64,191.605,172.145,NA,181.745,188.05,192.82,NA,169.48,180.73,207.21,NA,190.90924005,204.885,204.22557695,213.13,228.9825
LH195/PHP60,NA,NA,83.87,39.215,NA,NA,NA,197.75,NA,144.955,142.73,134.39,NA,NA,NA,NA,NA,NA,210.565,203.365,NA,NA,NA,NA,NA,NA,223.89,NA,NA,262.655
LH195/PHR03,NA,NA,105.39,82.525,NA,NA,NA,192.595,NA,168.185,164.98,150.765,NA,NA,NA,NA,NA,NA,202.945,218.29,NA,NA,NA,NA,NA,NA,232.385,NA,NA,266.535
LH195/PHW30,NA,NA,85.605,73.31,NA,NA,NA,174.19,NA,148.06,165.705,131.25,NA,NA,NA,NA,NA,NA,154.785,178.955,NA,NA,NA,NA,NA,NA,220.55,NA,NA,256.69
LH195/PHW53,NA,NA,97.695,82.06,NA,NA,NA,145.12,NA,119.545,133.825,139.68,NA,NA,NA,NA,NA,NA,182.08,189.57,NA,NA,NA,NA,NA,NA,200.135,NA,NA,186.325
LH195/PHZ51,45.075,74.455,89.47,85.435,92.735,116.21,NA,178.5125,NA,138.82,135.518333333333,163.335,NA,159.675,186.79,184.445,NA,155.07,167.885,181.6675,NA,128.97,158.0525,177.5425,NA,194.31231275,206.966666666667,189.71270415,195.635,215.118333333333
LH195/Q381,49.895,NA,83.8,92.95,87.5666666666667,111.025,NA,125.81,NA,120.685,101.315,127.695,NA,176.635,167.49,167.09,NA,200.435,135.45,147.385,NA,162.75,174.065,173.075,NA,186.51457735,178.045,172.70662975,198.84,196.075
LH198/3IIH6,NA,NA,NA,103.04,NA,NA,NA,NA,113.605,NA,NA,145.1,NA,153.79,183.125,187.56,161.88,NA,NA,NA,180.115,163.025,197.81,197.145,NA,187.11259425,195.12,189.84936265,228.105,215.28
LH198/CGR01,NA,75.55,NA,NA,112.7675,NA,NA,NA,90.6,NA,NA,NA,162.005,NA,151.79,NA,205.015,NA,NA,NA,166.66,NA,NA,167.325,248.99,219.76556425,NA,194.13774475,NA,NA
LH198/LH123HT,46.66,NA,NA,NA,85.1175,97.575,NA,NA,NA,NA,NA,NA,NA,157.135,165.31,102.96,NA,132.985,NA,NA,NA,147.775,200.85,200.355,NA,179.3656978,176.42,174.2897092,224.12,214.115
LH198/LH185,46.995,NA,NA,NA,127.2875,99.25,NA,NA,NA,NA,NA,NA,NA,174.05,208.88,109.41,NA,214.44,NA,NA,NA,161.39,238.745,234.49,NA,259.87876585,237.985,255.8814421,215.255,235.995
LH198/LH38,45.27,NA,NA,NA,108.635,115.685,NA,NA,NA,NA,NA,NA,NA,141.625,176.33,106.95,NA,152.57,NA,NA,NA,177.94,202.62,203.48,NA,200.36754775,207.33,211.08264495,223.96,235.12
LH198/LH51,37.685,NA,NA,NA,96.67,91.78,NA,NA,NA,NA,NA,NA,NA,204.805,174.16,171.675,NA,192.27,NA,NA,NA,205.46,226.155,191.24,NA,237.3640486,205,199.80748225,214.565,215.555
LH198/LH82,54.535,NA,NA,NA,124.86,78.975,NA,NA,NA,NA,NA,NA,NA,118.63,188.925,109.285,NA,210.205,NA,NA,NA,200.63,194.11,193.855,NA,208.247295,207.925,203.41767665,205.14,214.415
LH198/PHG29,47.66,NA,NA,NA,131.985,138.88,NA,NA,NA,NA,NA,NA,NA,151.01,159.98,198.445,NA,160.63,NA,NA,NA,182.195,196.175,213.91,NA,197.36984785,201.165,213.1713525,206.68,217.75
LH198/PHG47,44.875,NA,NA,NA,121.73,81.945,NA,NA,NA,NA,NA,NA,NA,220.11,168.7,194.315,NA,212.06,NA,NA,NA,198.26,154.44,188.66,NA,209.5125786,181.715,217.3459641,205.595,204.395
LH198/PHG83,41.865,NA,NA,NA,58.8475,47.88,NA,NA,NA,NA,NA,NA,NA,72.485,130.245,111.52,NA,88.59,NA,NA,NA,181.43,116.575,132.84,NA,133.4088601,139.55,129.525265,125.305,119.385
LH198/PHK56,53.72,NA,NA,NA,121.9275,133.65,NA,NA,NA,NA,NA,NA,NA,167.035,210.01,194.915,NA,149.59,NA,NA,NA,154.115,198.555,229.84,NA,220.24382715,222.455,231.6110858,222.015,212.765
LH198/PHN37,41.93,NA,96.095,NA,110.4,125.8,NA,114.09,NA,129.195,139.52,NA,NA,183.145,138.595,187.505,NA,185.105,156.035,161.58,NA,188.24,221.485,162.815,NA,237.4439683,173.175,204.69070115,209.855,198.005
LH198/PHN82,53.965,NA,NA,NA,108.245,133.945,NA,NA,NA,NA,NA,NA,NA,178.595,194.715,183.585,NA,178.445,NA,NA,NA,185.915,202.175,224.765,NA,212.207295,209.945,235.8125604,242.09,254.245
LH198/PHZ51,NA,72.465,75.63,69.615,100.811428571429,NA,120.75,122.445,118.105,134.64,126.7,177.02,178.36,148.3225,181.725,189.21,168.465,191.45,138.79,169.695,135.33,186.53,186.4925,187.956666666667,156.98,191.458426475,179.65,194.121405125,208.1375,218.3025
LH198/Q381,48.505,NA,NA,NA,120.0875,114.595,NA,NA,NA,NA,NA,NA,NA,157.965,195.28,196.635,NA,160.435,NA,NA,NA,168.58,202.085,193.525,NA,201.9901268,206.275,210.759284,191.91,210.345
LH205/3IIH6,NA,NA,NA,58.575,NA,NA,NA,NA,140.84,NA,NA,159.485,NA,136.505,172.5,174.535,179.86,NA,NA,NA,175.76,146.495,178.475,186.4,NA,173.58294295,176.02,178.2589983,183.415,192.33
LH209/3IIH6,NA,NA,NA,49.62,NA,NA,NA,NA,114.83,NA,NA,173.025,NA,126.32,173.05,150.45,172.28,NA,NA,NA,188.415,187.4,158.24,172.045,NA,166.06208115,172.985,161.1050934,139.045,179.41
LH212HT/LH195,NA,NA,116.615,105.555,NA,NA,NA,131.765,NA,133.1,159.38,128.235,NA,NA,194.305,220.975,205.92,NA,179.775,201.24,171.13,147.87,206.03,211.08,176.02,NA,230.43,NA,227.3,185.64
LH216/LH195,NA,80.65,112.95,110.77,83.5225,NA,147.49,200.84,126.845,185.395,178.64,147.4,128.915,152.515,208.535,199.82,192.325,NA,165.54,208.915,174.6,140.535,260.655,156.8,200.39,199.17042605,248.63,204.50872695,238.365,214.065
LH220HT/3IIH6,NA,NA,NA,98.935,NA,NA,NA,NA,125.645,NA,NA,192.015,NA,136.245,143.065,182.445,133.25,NA,NA,NA,188.74,212.595,130.775,161.265,NA,148.57770205,152.8,171.8549201,184.065,201.085
LH74/PHM49,NA,73.69,NA,NA,119.816666666667,NA,140.51,NA,NA,NA,NA,NA,NA,NA,NA,182.005,NA,125.425,NA,NA,NA,208.785,166.6,NA,203.24,NA,NA,NA,200.59,NA
LH74/PHN82,61.515,NA,104.1,111.495,NA,123.865,NA,85.035,109.89,133.27,175.4,156.9,NA,NA,188.915,171.975,177.34,NA,178.37,183.55,178.84,188.55,NA,NA,165.54,NA,188.845,NA,NA,245.98
LH82/LH145,NA,48.4,NA,NA,115.7025,NA,NA,NA,135.375,NA,NA,NA,163.495,NA,120.095,NA,83.495,NA,NA,NA,148.575,NA,NA,152.98,169.545,154.66268725,NA,150.1206961,NA,NA
LH82/PHB47,NA,73.85,NA,NA,103.28,NA,NA,NA,160.1,NA,NA,NA,158.25,NA,154.125,NA,170.93,NA,NA,NA,174.135,NA,NA,190.295,150.455,192.30063775,NA,204.4772612,NA,NA
LH82/S8324,NA,64.27,NA,NA,125.9175,NA,NA,NA,136.52,NA,NA,NA,140.92,NA,165.39,NA,169.35,NA,NA,NA,172.54,NA,NA,172.695,177.26,168.27539645,NA,197.8030042,NA,NA
MBNIL B004/LH185,NA,71.265,NA,NA,NA,NA,NA,NA,NA,NA,NA,NA,160.815,NA,NA,NA,NA,154.695,NA,NA,NA,NA,NA,NA,217.405,200.43893155,NA,NA,NA,NA
MBNIL B004/PHZ51,NA,67.425,NA,NA,NA,NA,NA,NA,NA,NA,NA,NA,114.665,149.22,113.405,NA,NA,171.87,NA,NA,NA,NA,NA,174.85,144.915,181.4248225,NA,NA,NA,208.625
MBNIL B015/3IIH6,NA,69.83,NA,NA,NA,NA,NA,NA,NA,NA,NA,NA,139.87,125.725,149,NA,NA,177.75,NA,NA,NA,NA,NA,188.47,187.77,175.4659514,NA,NA,NA,221.33
MBNIL B015/LH185,NA,86.62,NA,NA,NA,NA,NA,NA,NA,NA,NA,NA,174.845,NA,NA,NA,NA,169.235,NA,NA,NA,NA,NA,NA,194.32,196.94782165,NA,NA,NA,NA
MBNIL B015/PHZ51,NA,64.435,NA,NA,NA,NA,NA,NA,NA,NA,NA,NA,131.345,126.275,156.035,NA,NA,117.11,NA,NA,NA,NA,NA,160.16,156.335,153.89064625,NA,NA,NA,243.3
MBNIL B040/3IIH6,NA,59.715,NA,NA,NA,NA,NA,NA,NA,NA,NA,NA,140.93,149.865,140.85,NA,NA,157.61,NA,NA,NA,NA,NA,157.485,126.495,153.53448055,NA,NA,NA,177.54
MBNIL B040/PHZ51,NA,70.535,NA,NA,NA,NA,NA,NA,NA,NA,NA,NA,124.145,110.82,144.81,NA,NA,190.785,NA,NA,NA,NA,NA,150.175,114.87,181.2012984,NA,NA,NA,221.47
MBNIL B043/3IIH6,NA,69.135,NA,NA,NA,NA,NA,NA,NA,NA,NA,NA,127.34,149.15,127.135,NA,NA,160.05,NA,NA,NA,NA,NA,170.72,201.43,199.18687025,NA,NA,NA,236.515
MBNIL B043/PHZ51,NA,63.29,NA,NA,NA,NA,NA,NA,NA,NA,NA,NA,117.19,168.23,156.315,NA,NA,175.06,NA,NA,NA,NA,NA,167.415,173.62,177.7957988,NA,NA,NA,210.325
MBNIL B044/PHZ51,NA,60.815,NA,NA,NA,NA,NA,NA,NA,NA,NA,NA,138.955,109.27,146.12,NA,NA,161.375,NA,NA,NA,NA,NA,184.49,156.955,165.26874215,NA,NA,NA,243.615
MBNIL B049/PHZ51,NA,53.26,NA,NA,NA,NA,NA,NA,NA,NA,NA,NA,116.805,152.91,157.12,NA,NA,107.8,NA,NA,NA,NA,NA,207.975,184.315,152.9110651,NA,NA,NA,222.955
MBNIL B055/3IIH6,NA,69.135,NA,NA,NA,NA,NA,NA,NA,NA,NA,NA,147.06,NA,NA,NA,NA,108.92,NA,NA,NA,NA,NA,NA,193.365,174.3803825,NA,NA,NA,NA
MBNIL B055/LH185,NA,77.865,NA,NA,NA,NA,NA,NA,NA,NA,NA,NA,149.63,152.085,123.855,NA,NA,180.43,NA,NA,NA,NA,NA,136.605,185.77,198.8307464,NA,NA,NA,220.545
MBNIL B055/PHZ51,NA,68.9,NA,NA,NA,NA,NA,NA,NA,NA,NA,NA,130.99,125.915,131.06,NA,NA,115.765,NA,NA,NA,NA,NA,162.71,188.995,163.08354525,NA,NA,NA,235.535
MBNIL B057/3IIH6,NA,79.97,NA,NA,NA,NA,NA,NA,NA,NA,NA,NA,146.43,NA,NA,NA,NA,143.84,NA,NA,NA,NA,NA,NA,181.73,151.54263905,NA,NA,NA,NA
MBNIL B057/PHZ51,NA,63.935,NA,NA,NA,NA,NA,NA,NA,NA,NA,NA,131.815,146.025,109.47,NA,NA,83.09,NA,NA,NA,NA,NA,181.285,147.875,167.85320285,NA,NA,NA,244.26
MBNIL B065/3IIH6,NA,68.475,NA,NA,NA,NA,NA,NA,NA,NA,NA,NA,173.225,106.9,157.5,NA,NA,160.785,NA,NA,NA,NA,NA,198.835,199.815,159.91311835,NA,NA,NA,197.705
MBNIL B065/PHZ51,NA,73.42,NA,NA,NA,NA,NA,NA,NA,NA,NA,NA,114.045,157.855,158.65,NA,NA,149.195,NA,NA,NA,NA,NA,177.85,174.505,143.5793318,NA,NA,NA,228.73
MBNIL B078/3IIH6,NA,66.9,NA,NA,NA,NA,NA,NA,NA,NA,NA,NA,145.45,152.345,119.17,NA,NA,124.84,NA,NA,NA,NA,NA,170.17,179.715,165.3751065,NA,NA,NA,214.85
MBNIL B078/PHZ51,NA,60.31,NA,NA,NA,NA,NA,NA,NA,NA,NA,NA,133.83,137.385,125.48,NA,NA,110.095,NA,NA,NA,NA,NA,169.155,117.38,154.0045841,NA,NA,NA,222.95
MBNIL B102/3IIH6,NA,73.51,NA,NA,NA,NA,NA,NA,NA,NA,NA,NA,173.4,NA,NA,NA,NA,134.555,NA,NA,NA,NA,NA,NA,221.825,163.97337365,NA,NA,NA,NA
MBNIL B102/LH185,NA,62.575,NA,NA,NA,NA,NA,NA,NA,NA,NA,NA,146.59,NA,NA,NA,NA,174.91,NA,NA,NA,NA,NA,NA,194.13,164.3195389,NA,NA,NA,NA
MBNIL B102/PHZ51,NA,75.84,NA,NA,NA,NA,NA,NA,NA,NA,NA,NA,125.66,154.83,135.085,NA,NA,176.36,NA,NA,NA,NA,NA,203.315,162.06,169.49469485,NA,NA,NA,226.32
MBNIL B107/3IIH6,NA,75.045,NA,NA,NA,NA,NA,NA,NA,NA,NA,NA,138.335,136.355,130.445,NA,NA,163.195,NA,NA,NA,NA,NA,193.445,176.66,181.3485013,NA,NA,NA,237.225
MBNIL B107/PHZ51,NA,62.345,NA,NA,NA,NA,NA,NA,NA,NA,NA,NA,130.46,109.87,126.395,NA,NA,158.41,NA,NA,NA,NA,NA,169.48,158,193.6701517,NA,NA,NA,240.23
MBNIL B111/3IIH6,NA,77.335,NA,NA,NA,NA,NA,NA,NA,NA,NA,NA,155.485,155.715,158.435,NA,NA,165.905,NA,NA,NA,NA,NA,188.23,200.96,217.3485165,NA,NA,NA,209.93
MBNIL B111/PHZ51,NA,56.295,NA,NA,NA,NA,NA,NA,NA,NA,NA,NA,119.395,121.255,144.745,NA,NA,175.01,NA,NA,NA,NA,NA,169.685,186.64,146.2347997,NA,NA,NA,214.7
MBNIL B122/3IIH6,NA,66.75,NA,NA,NA,NA,NA,NA,NA,NA,NA,NA,155.035,102.265,137.93,NA,NA,93.375,NA,NA,NA,NA,NA,187.59,126.73,153.81005705,NA,NA,NA,214.445
MBNIL B122/PHZ51,NA,71.9,NA,NA,NA,NA,NA,NA,NA,NA,NA,NA,133.435,131.89,152.005,NA,NA,128.94,NA,NA,NA,NA,NA,176.4,155.99,203.33959805,NA,NA,NA,247.855
MBNIL B123/3IIH6,NA,78.505,NA,NA,NA,NA,NA,NA,NA,NA,NA,NA,132.3,NA,NA,NA,NA,145.455,NA,NA,NA,NA,NA,NA,212.68,195.63705495,NA,NA,NA,NA
MBNIL B123/PHZ51,NA,67.345,NA,NA,NA,NA,NA,NA,NA,NA,NA,NA,141.275,117.355,159.1,NA,NA,169.14,NA,NA,NA,NA,NA,180.52,175.06,144.3814159,NA,NA,NA,216.18
MBNIL B136/PHZ51,NA,54.01,NA,NA,NA,NA,NA,NA,NA,NA,NA,NA,184.19,135.67,131.87,NA,NA,170.165,NA,NA,NA,NA,NA,171.01,164.99,171.3610917,NA,NA,NA,228.76
MBNIL B144/3IIH6,NA,64.445,NA,NA,NA,NA,NA,NA,NA,NA,NA,NA,154.245,NA,NA,NA,NA,148.9,NA,NA,NA,NA,NA,NA,196.22,170.3790837,NA,NA,NA,NA
MBNIL B144/LH185,NA,71.19,NA,NA,NA,NA,NA,NA,NA,NA,NA,NA,164.24,NA,NA,NA,NA,177.73,NA,NA,NA,NA,NA,NA,191.67,186.62613015,NA,NA,NA,NA
MBNIL B154/3IIH6,NA,75.265,NA,NA,NA,NA,NA,NA,NA,NA,NA,NA,148.385,179.24,136.07,NA,NA,192.66,NA,NA,NA,NA,NA,171.715,171.85,189.893716,NA,NA,NA,227.795
MBNIL B154/PHZ51,NA,63.005,NA,NA,NA,NA,NA,NA,NA,NA,NA,NA,135.47,153.735,149.06,NA,NA,206.02,NA,NA,NA,NA,NA,173.055,162.45,189.9027122,NA,NA,NA,228.365
MBNIL B169/PHZ51,NA,65.25,NA,NA,NA,NA,NA,NA,NA,NA,NA,NA,112.095,160.31,151.245,NA,NA,158.275,NA,NA,NA,NA,NA,172.045,142.87,158.02692985,NA,NA,NA,235.135
MBNIL B175/3IIH6,NA,79.24,NA,NA,NA,NA,NA,NA,NA,NA,NA,NA,120.15,159.61,143.09,NA,NA,152.635,NA,NA,NA,NA,NA,173.175,210.63,142.20797675,NA,NA,NA,204.3
MBNIL B175/LH185,NA,77.765,NA,NA,NA,NA,NA,NA,NA,NA,NA,NA,144.5,170.905,137.51,NA,NA,189.595,NA,NA,NA,NA,NA,174.54,197.785,214.86514795,NA,NA,NA,224.475
MBNIL B175/PHZ51,NA,54.03,NA,NA,NA,NA,NA,NA,NA,NA,NA,NA,129.62,173.515,151.085,NA,NA,148.65,NA,NA,NA,NA,NA,181.585,152.61,157.1048825,NA,NA,NA,222.02
MBNIL B189/3IIH6,NA,77.01,NA,NA,NA,NA,NA,NA,NA,NA,NA,NA,157.795,150.155,181.25,NA,NA,177.74,NA,NA,NA,NA,NA,211.57,183.705,211.2256217,NA,NA,NA,223.425
MBNIL B189/LH185,NA,74.02,NA,NA,NA,NA,NA,NA,NA,NA,NA,NA,133.69,175.505,131.885,NA,NA,205.36,NA,NA,NA,NA,NA,182.015,210.565,197.3482988,NA,NA,NA,246.64
MBNIL B189/PHZ51,NA,72.65,NA,NA,NA,NA,NA,NA,NA,NA,NA,NA,119.515,138.72,142.67,NA,NA,125.805,NA,NA,NA,NA,NA,201.35,190.095,184.05844845,NA,NA,NA,251.785
MO17/PHZ51,NA,NA,NA,NA,NA,NA,152.505,NA,NA,119.275,NA,NA,151.28,148.19,117.975,NA,NA,NA,NA,160.785,NA,NA,NA,93.895,NA,NA,166.54,196.2272054,NA,186.79
MS222/3IIH6,NA,NA,NA,NA,NA,NA,NA,NA,154.84,NA,NA,NA,NA,NA,NA,NA,NA,NA,NA,NA,NA,NA,NA,NA,NA,NA,NA,NA,NA,NA
N192/3IIH6,NA,NA,NA,94.995,NA,NA,NA,NA,118.055,NA,NA,170.87,NA,118.435,138.47,92.03,169.97,NA,NA,NA,198.975,163.745,171.05,155.385,NA,149.7320186,163.3,163.6130237,196.46,205.44
N209/3IIH6,NA,NA,NA,123.515,NA,NA,NA,NA,143.675,NA,NA,168.955,NA,NA,NA,NA,NA,NA,NA,NA,185.76,NA,NA,NA,NA,NA,NA,NA,NA,NA
N217/3IIH6,NA,NA,NA,104.445,NA,NA,NA,NA,118.335,NA,NA,109.795,NA,139.255,176.22,174.255,177.125,NA,NA,NA,192.615,126.325,134.69,198.515,NA,164.8006471,178.73,148.8379222,206.225,188.905
N218/3IIH6,NA,NA,NA,103.57,NA,NA,NA,NA,107.28,NA,NA,169.62,NA,NA,NA,188.72,159.91,NA,NA,NA,198.805,NA,NA,NA,NA,NA,NA,NA,NA,NA
N28HT/3IIH6,NA,NA,NA,115.93,NA,NA,NA,NA,148.82,NA,NA,160.69,NA,90.315,114.45,187.245,119.225,NA,NA,NA,155.54,195.625,103.095,160.915,NA,146.4379463,161.085,141.7484594,179.61,232.59
OS420/3IIH6,NA,NA,NA,90.605,NA,NA,NA,NA,91.8,NA,NA,133.87,NA,114.245,120.135,173,101.94,NA,NA,NA,179.51,197.885,109.07,173.24,NA,167.4087908,157.955,175.89262215,169.925,209.105
PB80/PHZ51,42.805,71.17,79.25,85.535,92.425,110.865,113.445,115.06,115.305,146.17,113.14,148.105,148.225,222.695,156.07,185.225,182.35,NA,172.165,181.52,NA,130.315,188.64,168.94,179.375,180.54101945,212.045,201.24620415,164.1,219.425
PHB09/3IIH6,NA,NA,NA,126.91,NA,NA,NA,NA,153.03,NA,NA,170.48,NA,NA,148.785,175.64,158.295,NA,NA,NA,182.27,199.01,178.89,188.89,NA,NA,154.71,NA,190.3,209.935
PHB47/3IIH6,NA,86.445,NA,106.235,121.085,NA,NA,NA,139.7125,NA,NA,159.76,182.66,NA,151.535,177.35,189.0325,NA,NA,NA,190.095,161.03,173.915,191.43,163.215,209.53726585,189.3,205.01485715,197.72,210.845
PHB47/LH123HT,46.935,NA,NA,NA,102.0475,99.265,NA,NA,NA,NA,NA,NA,NA,141.72,156.84,192.275,NA,165.79,NA,NA,NA,164.455,221.57,197.88,NA,223.72907905,207.94,229.17433005,226.705,210.865
PHB47/LH162,NA,66.965,NA,NA,144.9275,NA,NA,NA,150.09,NA,NA,NA,189.3,NA,131.875,NA,166.28,NA,NA,NA,165.685,NA,NA,157.32,175.38,159.7311023,NA,194.5026974,NA,NA
PHB47/LH185,44.505,89.97,NA,NA,120.475714285714,124.705,NA,NA,166.4,NA,NA,NA,157.985,174.775,169.76,198.92,225.48,167.7,NA,NA,195.93,177.76,200.29,200.74,195.41,223.1551008,197.415,223.068758225,216.065,209.645
PHB47/LH38,36.935,NA,NA,NA,104.535,80.5,NA,NA,NA,NA,NA,NA,NA,143.945,151.42,180.33,NA,150.645,NA,NA,NA,158.42,157.945,165.155,NA,203.87564585,172.885,195.98602365,187.85,184.9
PHB47/LH51,38.23,NA,NA,NA,117.335,79.85,NA,NA,NA,NA,NA,NA,NA,192.315,157.22,153.99,NA,160.185,NA,NA,NA,226.455,181.09,193.765,NA,216.26516525,204.63,213.4771395,157.48,203.455
PHB47/LH82,52.025,NA,NA,NA,103.8,134.135,NA,NA,NA,NA,NA,NA,NA,173.82,148.28,94.605,NA,183.725,NA,NA,NA,171.195,156.755,195.845,NA,232.6018808,179.17,191.64378995,156.335,194.055
PHB47/PHG29,55.535,NA,NA,NA,113.145,121.85,NA,NA,NA,NA,NA,NA,NA,143.305,167.57,144.57,NA,163.835,NA,NA,NA,160.74,169.375,172.465,NA,209.59613865,172.64,201.3395554,175.835,203.07
PHB47/PHG47,39.305,NA,NA,NA,107.2875,101.69,NA,NA,NA,NA,NA,NA,NA,152.915,152.245,105.11,NA,169.49,NA,NA,NA,207.065,168.03,202.515,NA,200.7635478,179.025,232.17901775,179.135,202.865
PHB47/PHG83,42.115,NA,NA,NA,109.2275,100.285,NA,NA,NA,NA,NA,NA,NA,144.56,147.585,190.81,NA,150.275,NA,NA,NA,179.695,176.76,211.625,NA,201.96209215,208.36,214.0916006,209.28,241.73
PHB47/PHK05,NA,58.14,NA,NA,115.725,NA,NA,NA,82.73,NA,NA,NA,171.135,NA,156.485,NA,139.54,NA,NA,NA,183.835,NA,NA,137.61,156.325,126.602923905,NA,132.6066923,NA,NA
PHB47/PHK56,57.75,77.62,NA,NA,113.17,122.565,NA,NA,151.14,NA,NA,NA,157.385,174.665,168.39,122.55,NA,176.985,NA,NA,164.495,188.795,171.785,192.06,179.905,209.342111175,193.06,234.7189996,179.72,218.505
PHB47/PHN82,49.575,NA,NA,NA,106.1525,116.11,NA,NA,NA,NA,NA,NA,NA,168.13,182.055,163.185,NA,192.145,NA,NA,NA,167.615,188.575,214.09,NA,213.7781982,191.39,232.88365005,176.335,236.975
PHB47/PHR25,NA,72.585,NA,NA,120.3475,NA,NA,NA,127.39,NA,NA,NA,152.6,NA,168.01,NA,154.76,NA,NA,NA,147.27,NA,NA,175.24,154.05,188.67985715,NA,197.44135715,NA,NA
PHB47/PHZ51,NA,71.455,95.1,160.315,106.070833333333,NA,156.415,125.41,142.96,129.465,88.165,146.655,158.0675,153.255,160.544,135.3675,167.656666666667,205.935,160.755,169.575,194.6,195.405,178.1925,171.86,170.425,176.10821005,182.485,212.06384405,173.615,211.7825
PHB47/Q381,39.675,NA,NA,NA,97.1,149.935,NA,NA,NA,NA,NA,NA,NA,169,125.36,148.645,NA,158.04,NA,NA,NA,190.07,179.735,167.045,NA,194.0842278,162.635,219.08080725,162,189.25
PHBB3/3IIH6,NA,NA,NA,50.23,NA,NA,NA,NA,182.8,NA,NA,137.86,NA,NA,155.47,191.62,187.31,NA,NA,NA,178.415,140.915,NA,206.83,NA,NA,201.32,NA,194.505,229.075
PHBW8/3IIH6,NA,NA,NA,87.94,NA,NA,NA,NA,98.68,NA,NA,145.98,NA,152.085,180.05,174.245,190.87,NA,NA,NA,196.545,179.845,210.96,213.675,NA,219.27340955,188.505,174.93258155,196.76,206.76
PHG29/CG120,NA,70.395,NA,NA,101.115,NA,NA,NA,143.07,NA,NA,NA,149.48,NA,161.08,NA,150.72,NA,NA,NA,186.645,NA,NA,145.915,168.01,160.20932335,NA,189.3423119,NA,NA
PHG29/LH145,NA,67.26,NA,NA,108.675,NA,NA,NA,105.96,NA,NA,NA,153.105,NA,150.515,NA,151.715,NA,NA,NA,185.57,NA,NA,155.695,208.3,183.77906425,NA,182.8415769,NA,NA
PHG29/PHB47,NA,68.9,NA,NA,127.795,NA,NA,NA,178.705,NA,NA,NA,150.215,NA,186.035,NA,167.065,NA,NA,NA,156.535,NA,NA,160.9,211.645,175.3778305,NA,233.0913994,NA,NA
PHG29/PHG47,28.66,69.79,96.115,86.77,83.93,75.42,87.9,82.85,151.265,98.655,130.34,135.945,155.84,148.06,136.88,104.085,164.985,NA,144.82,154.165,148.755,183.75,134.36,151.2175,157.295,176.1439717,163.065,182.08618935,160.93,193.69
PHG29/PHHV4,NA,85.755,NA,NA,138.195,NA,NA,NA,150.685,NA,NA,NA,175.865,NA,184.3,NA,181.84,NA,NA,NA,227.19,NA,NA,185.71,230.605,208.09013355,NA,236.59853505,NA,NA
PHG29/PHRE1,NA,76.185,NA,NA,102.8425,NA,NA,NA,160.185,NA,NA,NA,170.45,NA,188.36,NA,151.86,NA,NA,NA,211.935,NA,NA,169.545,193.41,203.3889307,NA,177.665082,NA,NA
PHG29/S8324,NA,74.665,NA,NA,128.435,NA,NA,NA,119.94,NA,NA,NA,149.55,NA,171.085,NA,162.985,NA,NA,NA,185.835,NA,NA,205.535,208.335,158.1510355,NA,153.2735072,NA,NA
PHG39/PHM49,NA,NA,NA,NA,NA,NA,NA,NA,NA,NA,NA,NA,NA,NA,NA,NA,NA,NA,NA,NA,NA,NA,NA,197.27,NA,NA,NA,NA,NA,NA
PHG39/PHN82,NA,NA,116.63,NA,NA,NA,NA,NA,NA,NA,NA,NA,NA,NA,NA,NA,NA,NA,157.635,187.44,NA,NA,NA,NA,NA,NA,NA,NA,NA,NA
PHG39/PHP02,NA,NA,NA,NA,NA,NA,NA,NA,NA,NA,NA,NA,NA,NA,NA,NA,NA,NA,NA,NA,NA,NA,NA,NA,NA,NA,NA,NA,186.115,NA
PHG47/CG120,NA,71.85,NA,NA,80.9666666666667,NA,NA,NA,104.735,NA,NA,NA,161.485,NA,159.04,NA,173.4,NA,NA,NA,168.21,NA,NA,149.545,177.7,176.55930305,NA,117.409146235,NA,NA
PHG47/LH145,NA,71.575,NA,NA,94.565,NA,NA,NA,118.655,NA,NA,NA,152.615,NA,150.22,NA,137.785,NA,NA,NA,150.205,NA,NA,144.405,172.275,175.87621975,NA,182.46026375,NA,NA
PHG47/PHB47,NA,77.3,NA,NA,128.85,NA,NA,NA,144.24,NA,NA,NA,196.15,NA,181.35,NA,200.525,NA,NA,NA,142.955,NA,NA,179.53,190.37,224.33805875,NA,167.75278025,NA,NA
PHG47/PHHV4,NA,79.565,NA,NA,117.2725,NA,NA,NA,155.54,NA,NA,NA,182.49,NA,206.55,NA,209.235,NA,NA,NA,204.085,NA,NA,181.125,211.345,217.81380815,NA,197.8776099,NA,NA
PHG47/PHRE1,NA,67.415,NA,NA,91.47,NA,NA,NA,100.31,NA,NA,NA,177.625,NA,157.74,NA,154.54,NA,NA,NA,175.115,NA,NA,179.84,150.615,189.52173375,NA,198.3381733,NA,NA
PHG47/S8324,NA,77.555,NA,NA,124.3325,NA,NA,NA,152.405,NA,NA,NA,155.98,NA,148.135,NA,181.755,NA,NA,NA,199.83,NA,NA,145.78,164.575,178.5514793,NA,139.1412781,NA,NA
PHG80/3IIH6,NA,NA,NA,115.595,NA,NA,NA,NA,157.475,NA,NA,144.06,NA,NA,174.12,191.305,183.78,NA,NA,NA,178.025,155.28,197.34,198.68,NA,NA,194.06,214.0905127,199.65,229.06
PHG80/PHZ51,53.275,NA,95.325,140.79,NA,103.23,NA,151.88,165.335,136.265,96.955,163.255,NA,NA,153.895,206.085,194.555,NA,133.355,140.335,NA,127.985,NA,NA,193.14,NA,195.03,NA,NA,237.73
PHHV4/3IIH6,NA,78.86,NA,NA,110.35,NA,NA,NA,160.17,NA,NA,NA,184.86,NA,185.36,NA,191.91,NA,NA,NA,194.57,NA,NA,204.195,219.38,202.8829679,NA,168.1496589,NA,NA
PHHV4/LH162,NA,66.595,NA,NA,109.465,NA,NA,NA,104.725,NA,NA,NA,134.145,NA,135.915,NA,147.535,NA,NA,NA,169.24,NA,NA,156.99,198.16,171.22732035,NA,176.25535715,NA,NA
PHHV4/LH185,NA,77.46,NA,NA,148.625,NA,NA,NA,171.825,NA,NA,NA,205.84,NA,205.52,NA,212.68,NA,NA,NA,182.385,NA,NA,225.235,191.92,225.1475909,NA,245.423929,NA,NA
PHHV4/PHK05,NA,59.82,NA,NA,100.5225,NA,NA,NA,66.79,NA,NA,NA,134.95,NA,147.38,NA,115.445,NA,NA,NA,118.07,NA,NA,147.21,177.43,154.42539685,NA,169.34632035,NA,NA
PHHV4/PHK56,NA,81.16,NA,NA,140.455,NA,NA,NA,135.825,NA,NA,NA,192.585,NA,213.3,NA,153.735,NA,NA,NA,185.615,NA,NA,216.595,197.415,212.2267519,NA,141.147388005,NA,NA
PHHV4/PHR25,NA,72.74,NA,NA,126.49,NA,NA,NA,133.71,NA,NA,NA,137.37,NA,172.88,NA,193.98,NA,NA,NA,170.305,NA,NA,173.31,197.41,177.21983305,NA,196.5476792,NA,NA
PHHV4/PHZ51,NA,78.715,NA,NA,114.015,NA,NA,NA,130.965,NA,NA,NA,185.78,NA,172.62,NA,155.15,NA,NA,NA,190.775,NA,NA,209.135,199.035,200.83438755,NA,217.07411155,NA,NA
PHJ40/LH82,NA,73.45,NA,NA,127.015,NA,NA,NA,141.495,NA,NA,NA,173.565,NA,161.045,NA,163.335,NA,NA,NA,175.36,NA,NA,172.23,173.705,182.1812143,NA,189.5178005,NA,NA
PHJ40/PHP02,NA,NA,NA,NA,NA,NA,NA,NA,NA,NA,NA,NA,NA,NA,NA,NA,NA,NA,NA,NA,NA,NA,NA,NA,NA,NA,NA,NA,198.825,NA
PHJ89/CG120,NA,79.66,NA,NA,83.4725,NA,NA,NA,137.25,NA,NA,NA,119.105,NA,146.65,NA,154.195,NA,NA,NA,157.04,NA,NA,149.675,187.46,173.7990609,NA,200.33817415,NA,NA
PHJ89/LH145,NA,62.62,NA,NA,104.355,NA,NA,NA,132.225,NA,NA,NA,163.285,NA,180.54,NA,167.93,NA,NA,NA,156.305,NA,NA,174.985,193.275,187.23351985,NA,198.5261729,NA,NA
PHJ89/PHHV4,NA,75.965,NA,NA,131.9,NA,NA,NA,137.06,NA,NA,NA,183.91,NA,182.1,NA,205.47,NA,NA,NA,183.12,NA,NA,191.3,216.565,194.10096495,NA,207.5168039,NA,NA
PHJ89/PHRE1,NA,62.64,NA,NA,94.2075,NA,NA,NA,162.885,NA,NA,NA,128.805,NA,163.075,NA,180.43,NA,NA,NA,187.94,NA,NA,164.355,181.285,185.7538339,NA,206.29650125,NA,NA
PHJ89/S8324,NA,70.115,NA,NA,111.3675,NA,NA,NA,113.54,NA,NA,NA,179.55,NA,165.515,NA,178.44,NA,NA,NA,197.35,NA,NA,169.365,178.995,177.10949365,NA,196.96397295,NA,NA
PHK05/PHRE1,NA,51.54,NA,NA,100.71,NA,NA,NA,60.75,NA,NA,NA,100.36,NA,119.865,NA,124.29,NA,NA,NA,127.265,NA,NA,125.36,164.74,127.35023585,NA,148.10805875,NA,NA
PHK56/PHRE1,NA,70.785,NA,NA,106.1875,NA,NA,NA,126.725,NA,NA,NA,168.01,NA,158.56,NA,178.695,NA,NA,NA,189.57,NA,NA,181.985,198.875,206.62509255,NA,225.53170755,NA,NA
PHN11_OH43_0001/PHB47,NA,NA,89.37,100.32,NA,NA,63.745,72.995,NA,105.555,118.185,157.34,NA,143.105,113.22,158.38,179.02,NA,130.98,148.09,144.985,179.38,143.23,143.95,183.28,NA,145.945,NA,163.875,188.635
PHN11_PHG47_0251/PHB47,NA,67.645,76.615,NA,98.6575,NA,113.545,98.605,NA,NA,154.925,116.27,91.77,114.27,136.495,158.705,182.705,NA,123.95,131,NA,172.99,169.845,173.98,178.34,181.3495055,157.735,191.91417795,168.8,170.21
PHN11_PHW65_0323/LH195,NA,65.925,103.38,117.205,93.1475,NA,154.945,168.865,133.145,147.62,155.93,143.67,163.63,164.22,215.11,178.02,173.08,NA,170.14,187.035,161.16,192.34,189.7,155.35,150.795,189.62152875,198.41,235.8903043,211.84,218.72
PHN66/LH123HT,52.045,NA,NA,NA,88.18,126.265,NA,NA,NA,NA,NA,NA,NA,149.705,160.9,181.255,NA,107.265,NA,NA,NA,191.465,176.71,178.3,NA,181.1095372,171.49,180.7175541,200.15,160.385
PHN66/LH185,NA,NA,NA,NA,126.2925,NA,NA,NA,NA,NA,NA,NA,NA,141.19,161.18,130.365,NA,209.245,NA,NA,NA,174.45,208.17,156.01,NA,168.02936095,186.645,201.3914404,174.285,197.935
PHN66/LH38,51.045,NA,NA,NA,111.055,65.105,NA,NA,NA,NA,NA,NA,NA,127.055,165.615,184.14,NA,175.225,NA,NA,NA,157.29,173.26,178.775,NA,188.9514167,171.855,178.488213,199.885,186.625
PHN66/LH51,34.82,NA,NA,NA,113.0525,98.46,NA,NA,NA,NA,NA,NA,NA,174.205,149.515,198.48,NA,143.875,NA,NA,NA,196.165,199.605,166.455,NA,186.33143155,172.99,207.99711705,190.13,183.28
PHN66/LH82,64.405,NA,NA,NA,104.16,127.38,NA,NA,NA,NA,NA,NA,NA,141.365,136.575,151.985,NA,168.905,NA,NA,NA,158.68,168.98,184.625,NA,185.30749705,185.235,205.3589721,184.905,201.145
PHN66/PHG29,52.975,NA,NA,NA,113.7375,97.985,NA,NA,NA,NA,NA,NA,NA,149.985,167.125,127.715,NA,181.17,NA,NA,NA,187.525,178.6,173.115,NA,194.70027895,168.56,187.99459805,169.25,216.565
PHN66/PHG47,52.46,NA,NA,NA,101.59,75.355,NA,NA,NA,NA,NA,NA,NA,172.13,148.81,119.25,NA,183.145,NA,NA,NA,170.81,178.995,191.445,NA,179.21263695,175.515,190.72580135,161.03,198.455
PHN66/PHG83,38.06,NA,NA,NA,108.6325,124.36,NA,NA,NA,NA,NA,NA,NA,172.27,164.82,181.495,NA,139.395,NA,NA,NA,186.67,196.705,210.335,NA,203.05686645,206.91,198.95489395,199.51,188.23
PHN66/PHK56,58.965,NA,NA,NA,127.335,118.405,NA,NA,NA,NA,NA,NA,NA,114.285,159.985,201.97,NA,148.155,NA,NA,NA,168.32,180.315,201.425,NA,214.96808115,193.48,243.4937637,201.99,228.3
PHN66/PHN82,50.2,NA,NA,NA,116.6475,83.36,NA,NA,NA,NA,NA,NA,NA,152.225,151.795,186.03,NA,168.92,NA,NA,NA,191.43,184.38,210.84,NA,213.206082,205.83,215.80849325,208.8,222.855
PHN66/PHZ51,47.22,NA,NA,NA,100.295,99.54,NA,NA,NA,NA,NA,NA,NA,117.235,145.555,191.43,NA,158.655,NA,NA,NA,181.335,173.765,181.875,NA,156.8847895,161.885,197.903929,214.815,218.17
PHN66/Q381,50.2,NA,NA,NA,120.1825,142.715,NA,NA,NA,NA,NA,NA,NA,127.23,138.92,163.265,NA,211.36,NA,NA,NA,155.05,171.355,161.475,NA,179.328918,159.385,172.2239734,194.755,171.945
PHN82/LH145,NA,83.675,NA,NA,124.1725,NA,NA,NA,123.425,NA,NA,NA,146.515,NA,168.3,NA,160.58,NA,NA,NA,150.645,NA,NA,195.35,160.09,155.71156005,NA,225.6348918,NA,NA
PHN82/PHB47,NA,86.015,NA,NA,116.585,NA,NA,NA,149.935,NA,NA,NA,193.865,NA,191.61,NA,208.575,NA,NA,NA,168.19,NA,NA,211.42,191.07,206.234825,NA,228.94201905,NA,NA
PHN82/PHHV4,NA,87.05,NA,NA,158.2975,NA,NA,NA,140.03,NA,NA,NA,233.09,NA,201.97,NA,230.455,NA,NA,NA,215.69,NA,NA,229.535,246.085,225.6719645,NA,231.1847916,NA,NA
PHN82/PHRE1,NA,79.165,NA,NA,139.5225,NA,NA,NA,143.165,NA,NA,NA,146.3,NA,NA,NA,NA,NA,NA,NA,172.955,NA,NA,182.76,228.835,190.789235,NA,243.0568415,NA,NA
PHN82/S8324,NA,71.32,NA,NA,138.2075,NA,NA,NA,135.8,NA,NA,NA,156.675,NA,195.23,NA,192.305,NA,NA,NA,189.675,NA,NA,187.71,225.425,193.0474476,NA,226.61731825,NA,NA
PHP02/PHB47,37.03,74.93,79.83,101.165,113.29,101.395,91.295,56.285,176.645,107.675,88.6,179.85,146.28,153.405,148.795,178.465,196.125,NA,146.985,156.05,179.365,166.825,194.225,164.7,181.455,183.1048935,184.505,196.64165805,211.555,193.3
PHP38/LH123HT,NA,NA,84.745,99.36,NA,NA,NA,117.215,NA,125.31,128.98,157.31,NA,NA,NA,NA,NA,NA,147.29,143.15,NA,NA,NA,NA,NA,NA,171.33,NA,NA,233.6
PHP38/LH185,NA,NA,90.605,NA,NA,NA,NA,NA,NA,NA,NA,NA,NA,NA,NA,NA,NA,NA,131.145,146.865,NA,NA,NA,NA,NA,NA,NA,NA,NA,NA
PHP38/LH210,NA,NA,116.905,111.89,NA,NA,NA,139.04,NA,154.825,120.765,133.1,NA,NA,NA,NA,NA,NA,159.355,168.655,NA,NA,NA,NA,NA,NA,189.625,NA,NA,189.825
PHP38/PHJ65,NA,NA,89.97,85.35,NA,NA,NA,170.045,NA,154.625,174.32,144.44,NA,NA,NA,NA,NA,NA,173.305,181.05,NA,NA,NA,NA,NA,NA,215.14,NA,NA,248.305
PHP38/PHM49,NA,NA,80.555,130.54,NA,NA,NA,127.71,NA,121.09,124.38,140.255,NA,NA,NA,NA,NA,NA,175.44,155.195,NA,NA,NA,NA,NA,NA,207.415,NA,NA,231.8
PHP38/PHN47,NA,NA,94.63,119.02,NA,NA,NA,71.985,NA,153.74,126.755,136.665,NA,NA,NA,NA,NA,NA,154.075,159.77,NA,NA,NA,NA,NA,NA,155.58,NA,NA,187.99
PHP38/PHN82,NA,NA,103.18,94.33,NA,NA,NA,107.66,NA,130.135,147.825,106.12,NA,NA,NA,NA,NA,NA,153.475,162.26,NA,NA,NA,NA,NA,NA,190.15,NA,NA,229.545
PHP38/PHP60,NA,NA,74.52,92.02,NA,NA,NA,37.86,NA,112.46,81.295,151.78,NA,NA,NA,NA,NA,NA,129.775,126.525,NA,NA,NA,NA,NA,NA,149.74,NA,NA,157.75
PHP38/PHR03,NA,NA,114.435,85.27,NA,NA,NA,161.38,NA,140.6,131.22,154.755,NA,NA,NA,NA,NA,NA,194.63,187.545,NA,NA,NA,NA,NA,NA,221.55,NA,NA,254.915
PHP38/PHW30,NA,NA,82.37,113.795,NA,NA,NA,125.485,NA,106.27,107.755,143.545,NA,NA,NA,NA,NA,NA,136.795,160.095,NA,NA,NA,NA,NA,NA,188.895,NA,NA,190.82
PHP38/PHW53,NA,NA,92.31,40.615,NA,NA,NA,115.375,NA,127.96,115.505,151,NA,NA,NA,NA,NA,NA,167.255,172.86,NA,NA,NA,NA,NA,NA,175.075,NA,NA,219.855
PHP38/Q381,NA,NA,71.96,103.815,NA,NA,NA,53.155,NA,113.98,66.815,153.715,NA,NA,NA,NA,NA,NA,129.17,122.845,NA,NA,NA,NA,NA,NA,161.025,NA,NA,188.035
PHP85/3IIH6,NA,NA,NA,62.1,NA,NA,NA,NA,123.705,NA,NA,157.085,NA,109.675,197.65,198.04,174.9,NA,NA,NA,196.38,188.44,207.26,224.57,NA,209.9974108,207.715,191.6619915,211.795,220.665
PHRE1/PHR25,NA,NA,NA,NA,102.51,NA,NA,NA,94.04,NA,NA,NA,131.145,NA,163.64,NA,128.03,NA,NA,NA,112.72,NA,NA,130.665,149.265,145.80511625,NA,136.40718765,NA,NA
PHT69/3IIH6,NA,NA,NA,57.39,NA,NA,NA,NA,165.485,NA,NA,142.35,NA,143.445,151.355,167.185,164.845,NA,NA,NA,169.25,182.57,158.61,192.135,NA,182.5778838,179.875,171.5853271,160.85,208.075
PHV37/3IIH6,NA,NA,NA,91.995,NA,NA,NA,NA,137.58,NA,NA,146.24,NA,161.89,163.135,195.2,171.38,NA,NA,NA,226.62,169.46,154.015,187.47,NA,197.68103255,178.215,203.04975315,166.685,191.56
PHW52/LH123HT,46.095,NA,NA,NA,98.17,82.39,NA,NA,NA,NA,NA,NA,NA,173.255,152.71,137.15,NA,132.79,NA,NA,NA,166.17,254.055,206.845,NA,202.7726285,221.35,208.5116158,209.425,191.745
PHW52/LH185,43.63,NA,90.415,158.445,124.165,79.3,NA,145.455,NA,121.295,169.86,168.62,NA,184.87,191.865,218.345,NA,167.15,170.775,154.805,NA,191.83,230.955,203.97,NA,233.9965841,208.76,253.40414075,215.985,250.9275
PHW52/LH210,NA,NA,119.475,171.985,NA,NA,NA,187.195,NA,171.95,162.695,160.115,NA,NA,NA,NA,NA,NA,196.545,192.235,NA,NA,NA,NA,NA,NA,236.375,NA,NA,212.935
PHW52/LH38,36.43,NA,NA,NA,119.835,132.5,NA,NA,NA,NA,NA,NA,NA,130.78,166.41,150.65,NA,202.555,NA,NA,NA,183.92,184.435,188.855,NA,225.52087025,222.38,225.04398815,214.065,237.39
PHW52/LH51,34.39,NA,NA,NA,112.6525,101.34,NA,NA,NA,NA,NA,NA,NA,151.73,155.19,171.32,NA,187.715,NA,NA,NA,142.625,214.59,147.555,NA,202.2403466,188.14,219.93900255,188.925,192.29
PHW52/LH82,43.68,NA,NA,NA,122.74,85.54,NA,NA,NA,NA,NA,NA,NA,149.635,179.685,91.905,NA,172.05,NA,NA,NA,152.675,190.385,166.355,NA,190.29390025,192.37,246.11718005,204.97,235.425
PHW52/PHG29,43.57,NA,NA,NA,122.835,99.185,NA,NA,NA,NA,NA,NA,NA,162.775,164.755,179.695,NA,188.135,NA,NA,NA,194.545,206.56,186.83,NA,200.06548475,201.475,246.14584235,187.615,207.82
PHW52/PHG47,47.395,NA,NA,NA,130.18,127.79,NA,NA,NA,NA,NA,NA,NA,164.82,156.12,86.14,NA,172.63,NA,NA,NA,153.875,185.27,164.235,NA,180.1027164,172.16,202.9597912,196.96,205.635
PHW52/PHG83,38.905,NA,NA,NA,81.425,56.685,NA,NA,NA,NA,NA,NA,NA,143.58,128.67,101.225,NA,143.275,NA,NA,NA,164.055,148.985,170.325,NA,193.442276,172.155,208.44797295,181.915,194.34
PHW52/PHJ65,NA,NA,79.865,149.575,NA,NA,NA,169.835,NA,177.25,177.21,122.35,NA,NA,NA,NA,NA,NA,179.15,184.96,NA,NA,NA,NA,NA,NA,184.12,NA,NA,207.66
PHW52/PHK56,45.44,NA,NA,NA,145.7975,129.025,NA,NA,NA,NA,NA,NA,NA,189.975,208.975,165.81,NA,193.55,NA,NA,NA,187.935,228.6,223.75,NA,223.15972445,216.56,238.07273965,184.21,246.955
PHW52/PHM49,47.715,68.805,78.785,NA,90.585,71.34,109.845,155.985,NA,NA,133.335,NA,153.755,157.905,NA,NA,NA,NA,172.625,193.87,NA,NA,222.66,156.235,NA,202.8543474,NA,215.43471175,NA,NA
PHW52/PHN37,32.2,NA,NA,NA,127.7525,64.025,NA,NA,NA,NA,NA,NA,NA,178.18,189.72,168.37,NA,220.56,NA,NA,NA,155.43,208.54,175.97,NA,199.51839055,182.395,211.7261031,195.74,201.79
PHW52/PHN47,NA,NA,89.16,69.525,NA,NA,NA,180.25,NA,169.62,144.99,163.785,NA,NA,NA,NA,NA,NA,189.175,197.745,NA,NA,NA,NA,NA,NA,222.185,NA,NA,253.67
PHW52/PHN82,50.31,81.225,88.815,104.6225,118.31,123.31,156.48,130.57,153.9,141.2975,154.1925,149.8775,166.575,133.0525,188.24,136.46,194.145,188.815,186.765,176.8675,187.39,160.1675,227.6725,203.198333333333,199.795,205.625029375,204.926666666667,229.014155925,222.3175,254.431666666667
PHW52/PHP60,NA,NA,94.935,119.355,NA,NA,NA,171.01,NA,NA,NA,162.345,NA,NA,NA,NA,NA,NA,148.96,179.97,NA,NA,NA,NA,NA,NA,NA,NA,NA,NA
PHW52/PHR03,NA,NA,99.655,113.88,NA,NA,NA,115.983333333333,NA,151.9875,115.0775,147.45,NA,NA,NA,NA,NA,NA,202.055,204.125,NA,NA,NA,NA,NA,NA,222.5425,NA,NA,254.4
PHW52/PHW30,NA,NA,94.54,98.395,NA,NA,NA,156.08,NA,138.32,137.065,167.445,NA,NA,NA,NA,NA,NA,190.895,185.595,NA,NA,NA,NA,NA,NA,234.73,NA,NA,259.545
PHW52/PHW53,NA,NA,91.265,59.415,NA,NA,NA,140.535,NA,127.365,133.105,172.445,NA,NA,NA,NA,NA,NA,165.015,162.32,NA,NA,NA,NA,NA,NA,165.845,NA,NA,220.23
PHW52/PHZ51,48.6,NA,71.04,62.245,111.3225,152.34,NA,57.655,NA,122.33,113.545,174.465,NA,181.54,182.585,189.88,NA,212.65,153.74,152.26,NA,144.49,219.12,216.995,NA,172.5231492,198.7625,219.74686055,230.56,216.0375
PHW52/Q381,43.38,NA,77.65,96.865,125.92,108.49,NA,65.19,NA,118.125,97.56,119.5,NA,141.41,174.78,151.705,NA,176.235,129.03,147.385,NA,166.515,189.46,182.015,NA,198.2165782,171.3125,240.71942055,174.365,211.695
PHZ51/LH145,NA,66.03,NA,NA,105.6375,NA,NA,NA,114.09,NA,NA,NA,214.745,NA,128.78,NA,156.935,NA,NA,NA,177.205,NA,NA,165.54,133.835,120.687527475,NA,90.657053255,NA,NA
S8324/3IIH6,NA,78.145,NA,NA,113.56,NA,NA,NA,138.645,NA,NA,NA,158.895,NA,185.47,NA,195.97,NA,NA,NA,184.655,NA,NA,175.805,195.035,184.06836515,NA,212.0220152,NA,NA
S8324/LH162,NA,64.41,NA,NA,123.7175,NA,NA,NA,123.825,NA,NA,NA,138.135,NA,173.1,NA,167.335,NA,NA,NA,160.435,NA,NA,144.885,171.655,127.294041,NA,141.5172781,NA,NA
S8324/PHK05,NA,NA,NA,NA,102.905,NA,NA,NA,NA,NA,NA,NA,148.155,NA,142.125,NA,117.755,NA,NA,NA,NA,NA,NA,142.455,154.88,137.2767223,NA,120.6415841,NA,NA
S8324/PHK56,NA,77.35,NA,NA,146.3375,NA,NA,NA,133.065,NA,NA,NA,150.47,NA,179.96,NA,197.96,NA,NA,NA,204.99,NA,NA,185.085,204.46,190.5437853,NA,214.26629415,NA,NA
S8324/PHR25,NA,56.27,NA,NA,117.095,NA,NA,NA,108.185,NA,NA,NA,137.35,NA,163.535,NA,151.36,NA,NA,NA,153.44,NA,NA,171.75,177.415,158.46653005,NA,137.48296535,NA,NA
S8324/PHZ51,NA,64.71,NA,NA,107.91,NA,NA,NA,123.905,NA,NA,NA,174.815,NA,182.745,NA,177.525,NA,NA,NA,186.05,NA,NA,155.825,199.065,183.3705114,NA,186.05526925,NA,NA
SD101/3IIH6,NA,NA,NA,87.3,NA,NA,NA,NA,101.725,NA,NA,159.65,NA,NA,148.58,150.895,97.23,NA,NA,NA,138.19,182.135,NA,NA,NA,NA,NA,NA,NA,NA
TR 9-1-1-6/3IIH6,NA,NA,NA,NA,NA,NA,NA,NA,102.775,NA,NA,NA,NA,NA,NA,NA,NA,NA,NA,NA,NA,NA,NA,NA,NA,NA,NA,NA,NA,NA
TX714/PHZ51,NA,NA,96.2,98.225,NA,NA,NA,137.19,126.235,166.255,120.61,121.545,NA,NA,NA,111.565,NA,NA,161.56,164.35,NA,NA,NA,NA,NA,173.24665255,NA,219.41722315,NA,NA
TX740/LH195,NA,61.505,NA,139.44,63.955,NA,NA,162.15,NA,155.57,186.465,NA,NA,NA,188.69,NA,NA,NA,NA,NA,NA,NA,159.08,210.665,NA,NA,213.28,NA,NA,209.765
TX770/LH195,NA,NA,74.955,70.29,NA,NA,NA,205.625,NA,174.525,161.705,NA,NA,NA,143.12,NA,NA,NA,181.03,199.88,NA,NA,NA,194.44,NA,NA,225.675,NA,NA,272.475
VA35/LH195,NA,72.09,97.825,NA,74.0725,NA,126.16,163.98,108.625,135.46,172.01,NA,145.88,113.355,170.375,190.63,166.32,NA,180.3,183.205,189.41,161.85,195.005,152.66,210.52,178.76956385,212.285,170.13145815,180.445,237.57
W10004_0008/3IIH6,NA,NA,NA,130.015,NA,NA,NA,NA,141.595,NA,NA,152.885,NA,NA,127.925,198.225,157.76,NA,NA,NA,174.425,186.445,204.235,218.405,NA,198.2845309,198.13,181.7400659,193.7,193.97
W10004_0045/3IIH6,NA,NA,NA,113.3,NA,NA,NA,NA,168.955,NA,NA,90.235,NA,172.21,158.135,202.925,153.34,NA,NA,NA,170.07,182.8,205.605,205.715,NA,201.8930097,193.48,206.3012295,206.515,198.825
W10004_0062/3IIH6,NA,NA,NA,134.355,NA,NA,NA,NA,113.15,NA,NA,131.38,NA,NA,NA,NA,NA,NA,NA,NA,162.65,NA,NA,NA,NA,NA,NA,NA,NA,NA
W10004_0072/3IIH6,NA,NA,NA,66.965,NA,NA,NA,NA,156.19,NA,NA,137.65,NA,NA,92.595,182.47,152.6,NA,NA,NA,185.58,167.985,NA,NA,NA,NA,NA,NA,NA,NA
W10004_0121/3IIH6,NA,NA,NA,116.575,NA,NA,NA,NA,151.415,NA,NA,180.59,NA,NA,NA,NA,NA,NA,NA,NA,262.055,NA,NA,NA,NA,NA,NA,NA,NA,NA
W10004_0140/3IIH6,NA,NA,NA,75.4,NA,NA,NA,NA,106.12,NA,NA,140.095,NA,NA,NA,NA,NA,NA,NA,NA,135.325,NA,NA,NA,NA,NA,NA,NA,NA,NA
W10004_0148/3IIH6,NA,NA,NA,142.95,NA,NA,NA,NA,148.93,NA,NA,NA,NA,NA,NA,NA,NA,NA,NA,NA,144.9,NA,NA,NA,NA,NA,NA,NA,NA,NA
W10004_0208/3IIH6,NA,NA,NA,60.745,NA,NA,NA,NA,155.485,NA,NA,173.785,NA,149.085,142.315,57.27,168,NA,NA,NA,180.87,176.555,184.34,201.935,NA,202.4375934,186.375,183.7584776,175.93,180.11
W10004_0212/3IIH6,NA,NA,NA,134.23,NA,NA,NA,NA,128.35,NA,NA,130.29,NA,155.74,193.57,172.46,100.075,NA,NA,NA,177.09,164.465,190.605,184.54,NA,197.54659175,197.945,185.3922705,196.745,224.165
W10004_0225/3IIH6,NA,NA,NA,151.185,NA,NA,NA,NA,145.7,NA,NA,133.635,NA,148.05,163.155,112.17,182.04,NA,NA,NA,185.275,188.92,190.32,181.355,NA,187.31737275,184.14,202.49642435,191.92,211.645
W10004_0258/3IIH6,NA,NA,NA,92.995,NA,NA,NA,NA,126.33,NA,NA,143.06,NA,NA,170.19,98.21,175.355,NA,NA,NA,168.1,200.35,NA,NA,NA,NA,208.62,NA,NA,NA
W10004_0292/3IIH6,NA,NA,NA,64.25,NA,NA,NA,NA,124.48,NA,NA,177.74,NA,NA,NA,NA,NA,NA,NA,NA,163.71,NA,NA,NA,NA,NA,NA,NA,NA,NA
W10005_0107/PHB47,NA,64.95,93.26,133.375,94.665,NA,98.095,58.205,121.9,107.505,151.195,131.18,142.39,129.515,151.825,125.64,180.435,NA,151.955,147.16,145.975,170.48,154.265,147.16,165.3,114.787780225,169.355,171.07116315,195.54,203.005
W10005_0147/PHB47,NA,75.545,NA,NA,128.31,NA,109.315,NA,NA,NA,NA,NA,NA,NA,NA,143.945,NA,150.455,NA,NA,NA,194.19,166.44,NA,159.8,NA,NA,NA,173.84,NA
W10008_0069/PHB47,NA,63.805,NA,NA,99.5875,NA,118.995,NA,NA,NA,NA,NA,NA,NA,NA,146.02,NA,158.56,NA,NA,NA,159.4,168.365,NA,193.635,NA,NA,NA,201.03,NA
W37A/PHB47,NA,67.12,82.855,NA,112.645,NA,66.95,57.985,NA,NA,109.165,NA,114.43,120.71,NA,NA,NA,NA,153.25,154.085,NA,NA,131.4,NA,NA,163.7939937,NA,190.5521957,128.9,NA
WF9/H95,NA,56.325,71.89,NA,81.15,NA,153.805,81.895,NA,NA,122.2,NA,138.89,130.695,NA,NA,NA,NA,162.46,182.175,NA,NA,140.285,NA,NA,160.61800165,NA,183.97371685,NA,NA
WF9/MO17,NA,NA,NA,NA,NA,NA,NA,NA,NA,NA,NA,NA,NA,NA,NA,NA,NA,NA,NA,NA,NA,NA,NA,142.51,NA,NA,NA,NA,NA,NA
Z029E0002/PHZ51,NA,NA,NA,NA,NA,NA,122.7,NA,NA,129.115,NA,NA,159.245,123.295,137.63,NA,NA,NA,NA,148.88,NA,NA,NA,162.165,NA,NA,161.86,153.5496276,NA,181.455
Z031E0012/PHZ51,NA,NA,NA,NA,NA,NA,123.28,NA,NA,141.385,NA,NA,163.585,158.72,132.215,NA,NA,NA,NA,167.79,NA,NA,NA,168.66,NA,NA,203.91,181.6848335,NA,225.04
Z031E0556/PHZ51,NA,NA,NA,NA,NA,NA,140.5,NA,NA,NA,NA,NA,NA,152.54,NA,NA,NA,NA,NA,159.96,NA,NA,NA,NA,NA,NA,NA,NA,NA,NA
Z032E0034/PHZ51,NA,NA,NA,NA,NA,NA,133.065,NA,NA,150.46,NA,NA,124.135,159.995,169.325,NA,NA,NA,NA,134.745,NA,NA,NA,159.68,NA,NA,186.915,194.08527385,NA,213.57
Z032E0081/PHZ51,NA,NA,NA,NA,NA,NA,148.05,NA,NA,NA,NA,NA,105.825,146.175,NA,NA,NA,NA,NA,150.62,NA,NA,NA,NA,NA,NA,NA,227.4662663,NA,NA
Z033E0001/PHZ51,NA,NA,NA,NA,NA,NA,113.62,NA,NA,NA,NA,NA,107.01,191.12,NA,NA,NA,NA,NA,146.765,NA,NA,NA,162.145,NA,NA,NA,186.08267625,NA,180.845
Z034E0042/3IIH6,NA,NA,NA,NA,NA,NA,92.48,NA,NA,78.87,NA,NA,114.535,160.59,136.115,NA,NA,NA,NA,147.825,NA,NA,NA,149.945,NA,NA,160.38,125.18449575,NA,157.005
Z034E0042/PHZ51,NA,NA,NA,NA,NA,NA,130.69,NA,NA,125.76,NA,NA,92.59,137.06,130.52,NA,NA,NA,NA,166.455,NA,NA,NA,165.325,NA,NA,165.715,182.02413655,NA,218.855
Z034E0064/PHZ51,NA,NA,NA,NA,NA,NA,NA,NA,NA,NA,NA,NA,NA,NA,NA,NA,NA,NA,NA,154.725,NA,NA,NA,NA,NA,NA,NA,NA,NA,NA
Z035E0047/PHZ51,NA,NA,NA,NA,NA,NA,147.63,NA,NA,134.225,NA,NA,126.155,167.08,168.315,NA,NA,NA,NA,166.12,NA,NA,NA,175.41,NA,NA,196.65,217.60041,NA,225.53
Z035E0060/PHZ51,NA,NA,NA,NA,NA,NA,127.565,NA,NA,NA,NA,NA,NA,124.97,NA,NA,NA,NA,NA,169.73,NA,NA,NA,NA,NA,NA,NA,169.2523415,NA,NA
Z036E0057/PHZ51,NA,NA,NA,NA,NA,NA,120.575,NA,NA,NA,NA,NA,152.59,144.005,NA,NA,NA,NA,NA,167.68,NA,NA,NA,NA,NA,NA,NA,149.1285203,NA,NA
Z037E0012/3IIH6,NA,NA,NA,NA,NA,NA,147.195,NA,NA,150.145,NA,NA,144.185,172.3,150.495,NA,NA,NA,NA,196.99,NA,NA,NA,212.62,NA,NA,194.635,189.220926,NA,219.03
Z037E0054/PHZ51,NA,NA,NA,NA,NA,NA,135.99,NA,NA,NA,NA,NA,146.73,81.21,NA,NA,NA,NA,NA,162.81,NA,NA,NA,121.41,NA,NA,NA,185.17585965,NA,NA
Z038E0057/3IIH6,NA,NA,NA,NA,NA,NA,145.195,NA,NA,131.635,NA,NA,176.15,139.685,145.125,NA,NA,NA,NA,177.985,NA,NA,NA,208.41,NA,NA,195.245,229.4640076,NA,239.02
Z038E0057/PHZ51,NA,NA,NA,NA,NA,NA,134.87,NA,NA,125.535,NA,NA,113.29,153.07,131.07,NA,NA,NA,NA,164.35,NA,NA,NA,181.1,NA,NA,210.635,214.09038715,NA,244.455
